millis	xpos	ypos	sX	sY	dpX	dpY	red	green	blue	opacity	A1	A2	A3	A4	L1	R1	L2	R2	S1	S2	M1	M2	up	down	left	right	anlgX	anlgY	anlgU	anlgV	x_mean	y_mean	joy1_int	joy2_int
1266209	766	55	10	297	133	286	179	116	248	45	0	0	0	0	0	0	0	0	1	0	0	0	0	0	0	0	0.0	0.0	0.0	0.0	987	384	0	0
1278140	855	690	10	297	133	286	179	116	248	45	0	0	0	0	0	0	0	0	0	0	0	0	0	0	0	0	0.0	0.0	0.0	0.1686275	987	384	0	-9
1278174	1024	-47	10	297	133	286	179	116	248	45	0	0	0	0	0	0	0	0	0	0	0	0	0	0	0	0	0.0	0.0	0.0	0.24705887	987	384	0	-13
1278206	859	138	10	297	133	286	179	116	248	45	0	0	0	0	0	0	0	0	0	0	0	0	0	0	0	0	0.0	0.0	-0.15294117	0.28627455	987	384	0	-22
1278242	885	626	10	297	133	286	179	116	248	45	0	0	0	0	0	0	0	0	0	0	0	0	0	0	0	0	0.0	0.0	-0.19215685	0.4666667	987	384	0	-33
1278274	884	651	10	297	133	286	179	116	248	45	0	0	0	0	0	0	0	0	0	0	0	0	0	0	0	0	0.0	0.0	-0.23137254	0.5764706	987	384	0	-41
1278307	918	645	10	297	133	286	179	116	248	45	0	0	0	0	0	0	0	0	0	0	0	0	0	0	0	0	0.0	0.0	-0.26274508	0.69411767	987	384	0	-48
1278339	1004	0	10	297	133	286	179	116	248	45	0	0	0	0	0	0	0	0	0	0	0	0	0	0	0	0	0.0	0.0	-0.3098039	0.77254903	987	384	0	-55
1278373	1150	-37	10	297	133	286	179	116	248	45	0	0	0	0	0	0	0	0	0	0	0	0	0	0	0	0	0.0	0.0	-0.40392154	1.0	987	384	0	-71
1278406	1021	454	10	297	133	286	179	116	248	45	0	0	0	0	0	0	0	0	0	0	0	0	0	0	0	0	0.0	0.0	-0.42745095	1.0	987	384	0	-72
1278442	872	300	10	297	133	286	179	116	248	45	0	0	0	0	0	0	0	0	0	0	0	0	0	0	0	0	0.0	0.0	-0.45098037	1.0	987	384	0	-73
1278474	974	180	10	297	133	286	179	116	248	45	0	0	0	0	0	0	0	0	0	0	0	0	0	0	0	0	0.0	0.0	-0.47450978	1.0	987	384	0	-74
1278507	1071	278	10	297	133	286	179	116	248	45	0	0	0	0	0	0	0	0	0	0	0	0	0	0	0	0	0.0	0.0	-0.4980392	1.0	987	384	0	-75
1278540	913	566	10	297	133	286	179	116	248	45	0	0	0	0	0	0	0	0	0	0	0	0	0	0	0	0	0.0	0.0	-0.5294118	1.0	987	384	0	-77
1278575	1084	671	10	297	133	286	179	116	248	45	0	0	0	0	0	0	0	0	0	0	0	0	0	0	0	0	0.0	0.0	-0.54509807	1.0	987	384	0	-78
1278607	1113	-32	10	297	133	286	179	116	248	45	0	0	0	0	0	0	0	0	0	0	0	0	0	0	0	0	0.0	0.0	-0.54509807	1.0	987	384	0	-78
1278642	987	136	10	297	133	286	179	116	248	45	0	0	0	0	0	0	0	0	0	0	0	0	0	0	0	0	0.0	0.0	-0.5529412	1.0	987	384	0	-78
1278673	1016	380	10	297	133	286	179	116	248	45	0	0	0	0	0	0	0	0	0	0	0	0	0	0	0	0	0.0	0.0	-0.58431375	1.0	987	384	0	-80
1278708	726	580	10	297	133	286	179	116	248	45	0	0	0	0	0	0	0	0	0	0	0	0	0	0	0	0	0.0	0.0	-0.58431375	1.0	987	384	0	-80
1278741	971	430	10	297	133	286	179	116	248	45	0	0	0	0	0	0	0	0	0	0	0	0	0	0	0	0	0.0	0.0	-0.58431375	1.0	987	384	0	-80
1278774	802	556	10	297	133	286	179	116	248	45	0	0	0	0	0	0	0	0	0	0	0	0	0	0	0	0	0.0	0.0	-0.40392154	0.8666667	987	384	0	-64
1278807	982	-64	10	297	133	286	179	116	248	45	0	0	0	0	0	0	0	0	0	0	0	0	0	0	0	0	0.0	0.0	0.0	0.3803922	987	384	0	-20
1278842	783	459	10	297	133	286	179	116	248	45	0	0	0	0	0	0	0	0	0	0	0	0	0	0	0	0	0.0	0.0	0.0	0.24705887	987	384	0	-13
1278875	1021	327	10	297	133	286	179	116	248	45	0	0	0	0	0	0	0	0	0	0	0	0	0	0	0	0	0.0	0.0	0.0	0.20000005	987	384	0	-11
1280711	900	775	10	297	133	286	179	116	248	45	0	0	0	0	0	0	0	1	0	0	0	0	0	0	0	0	0.0	0.0	0.0	0.0	987	384	0	0
1280740	1085	-205	10	297	133	286	179	116	248	45	0	0	0	0	0	0	0	1	0	0	0	0	0	0	0	0	0.0	0.0	0.0	0.0	987	384	0	0
1280775	1055	119	10	297	133	286	179	116	248	45	0	0	0	0	0	0	0	1	0	0	0	0	0	0	0	0	0.0	0.0	0.0	0.0	987	384	0	0
1280807	803	416	10	297	133	286	179	116	248	45	0	0	0	0	0	0	0	1	0	0	0	0	0	0	0	0	0.0	0.0	0.0	0.0	987	384	0	0
1280842	878	216	10	297	133	286	179	116	248	45	0	0	0	0	0	0	0	1	0	0	0	0	0	0	0	0	0.0	0.0	0.0	0.0	987	384	0	0
1280878	780	573	10	297	133	286	179	116	248	45	0	0	0	0	0	0	0	1	0	0	0	0	0	0	0	0	0.0	0.0	0.0	0.0	987	384	0	0
1280911	979	422	10	297	133	286	179	116	248	45	0	0	0	0	0	0	0	1	0	0	0	0	0	0	0	0	0.0	0.0	0.0	0.0	987	384	0	0
1280941	1008	351	10	297	133	286	179	116	248	45	0	0	0	0	0	0	0	1	0	0	0	0	0	0	0	0	0.0	0.0	0.0	0.0	987	384	0	0
1280975	1109	298	10	297	133	286	179	116	248	45	0	0	0	0	0	0	0	1	0	0	0	0	0	0	0	0	0.0	0.0	0.0	0.0	987	384	0	0
1281011	714	102	10	297	133	286	179	116	248	45	0	0	0	0	0	0	0	1	0	0	0	0	0	0	0	0	0.0	0.0	0.0	0.0	987	384	0	0
1281044	834	315	10	297	133	286	179	116	248	45	0	0	0	0	0	0	0	1	0	0	0	0	0	0	0	0	0.0	0.0	0.0	0.0	987	384	0	0
1281078	1183	395	10	297	133	286	179	116	248	45	0	0	0	0	0	0	0	1	0	0	0	0	0	0	0	0	0.0	0.0	0.0	0.0	987	384	0	0
1281111	1003	364	10	297	133	286	179	116	248	45	0	0	0	0	0	0	0	1	0	0	0	0	0	0	0	0	0.0	0.0	0.0	0.0	987	384	0	0
1281143	752	202	10	297	133	286	179	116	248	45	0	0	0	0	0	0	0	1	0	0	0	0	0	0	0	0	0.0	0.0	0.0	0.0	987	384	0	0
1281175	899	406	10	297	133	286	179	116	248	45	0	0	0	0	0	0	0	1	0	0	0	0	0	0	0	0	0.0	0.0	0.0	0.0	987	384	0	0
1281207	956	577	10	297	133	286	179	116	248	45	0	0	0	0	0	0	0	1	0	0	0	0	0	0	0	0	0.0	0.0	0.0	0.0	987	384	0	0
1281243	938	261	10	297	133	286	179	116	248	45	0	0	0	0	0	0	0	1	0	0	0	0	0	0	0	0	0.0	0.0	0.0	0.0	987	384	0	0
1281278	1165	357	10	297	133	286	179	116	248	45	0	0	0	0	0	0	0	1	0	0	0	0	0	0	0	0	0.0	0.0	0.0	0.0	987	384	0	0
1281311	1104	98	10	297	133	286	179	116	248	45	0	0	0	0	0	0	0	1	0	0	0	0	0	0	0	0	0.0	0.0	-0.25490195	0.0	979	384	0	-13
1281343	881	794	10	297	133	286	179	116	248	45	0	0	0	0	0	0	0	1	0	0	0	0	0	0	0	0	0.0	0.0	-0.41176468	0.0	966	384	0	-21
1281375	988	210	10	297	133	286	179	116	248	45	0	0	0	0	0	0	0	1	0	0	0	0	0	0	0	0	0.0	0.0	-0.4980392	0.0	951	384	0	-25
1281407	987	560	10	297	133	286	179	116	248	45	0	0	0	0	0	0	0	1	0	0	0	0	0	0	0	0	0.0	0.0	-0.64705884	0.0	931	384	0	-33
1281439	871	404	10	297	133	286	179	116	248	45	0	0	0	0	0	0	0	1	0	0	0	0	0	0	0	0	0.0	0.0	-0.8509804	0.0	905	384	0	-43
1281478	1139	429	10	297	133	286	179	116	248	45	0	0	0	0	0	0	0	1	0	0	0	0	0	0	0	0	0.0	0.0	-1.0	0.0	875	384	0	-50
1281511	668	368	10	297	133	286	179	116	248	45	0	0	0	0	0	0	0	1	0	0	0	0	0	0	0	0	0.0	0.0	-1.0	0.0	845	384	0	-50
1281540	963	460	10	297	133	286	179	116	248	45	0	0	0	0	0	0	0	1	0	0	0	0	0	0	0	0	0.0	0.0	-1.0	0.0	815	384	0	-50
1281575	630	-325	10	297	133	286	179	116	248	45	0	0	0	0	0	0	0	1	0	0	0	0	0	0	0	0	0.0	0.0	-1.0	0.0	785	384	0	-50
1281610	660	709	10	297	133	286	179	116	248	45	0	0	0	0	0	0	0	1	0	0	0	0	0	0	0	0	0.0	0.0	-1.0	0.0	755	384	0	-50
1281645	833	88	10	297	133	286	179	116	248	45	0	0	0	0	0	0	0	1	0	0	0	0	0	0	0	0	0.0	0.0	-1.0	0.0	725	384	0	-50
1281678	591	475	10	297	133	286	179	116	248	45	0	0	0	0	0	0	0	1	0	0	0	0	0	0	0	0	0.0	0.0	-1.0	0.0	695	384	0	-50
1281711	959	584	10	297	133	286	179	116	248	45	0	0	0	0	0	0	0	1	0	0	0	0	0	0	0	0	0.0	0.0	-1.0	0.0	665	384	0	-50
1281743	800	358	10	297	133	286	179	116	248	45	0	0	0	0	0	0	0	1	0	0	0	0	0	0	0	0	0.0	0.0	-1.0	0.0	635	384	0	-50
1281775	370	-65	10	297	133	286	179	116	248	45	0	0	0	0	0	0	0	1	0	0	0	0	0	0	0	0	0.0	0.0	-1.0	0.0	605	384	0	-50
1281807	625	265	10	297	133	286	179	116	248	45	0	0	0	0	0	0	0	1	0	0	0	0	0	0	0	0	0.0	0.0	-1.0	-0.1607843	575	379	0	-42
1281842	614	952	10	297	133	286	179	116	248	45	0	0	0	0	0	0	0	1	0	0	0	0	0	0	0	0	0.0	0.0	-1.0	-0.1607843	545	374	0	-42
1281877	756	175	10	297	133	286	179	116	248	45	0	0	0	0	0	0	0	1	0	0	0	0	0	0	0	0	0.0	0.0	-1.0	-0.1607843	515	369	0	-42
1281911	527	490	10	297	133	286	179	116	248	45	0	0	0	0	0	0	0	1	0	0	0	0	0	0	0	0	0.0	0.0	-1.0	-0.1607843	485	364	0	-42
1281942	557	322	10	297	133	286	179	116	248	45	0	0	0	0	0	0	0	1	0	0	0	0	0	0	0	0	0.0	0.0	-1.0	-0.1607843	455	359	0	-42
1281975	422	379	10	297	133	286	179	116	248	45	0	0	0	0	0	0	0	1	0	0	0	0	0	0	0	0	0.0	0.0	-1.0	-0.1607843	425	354	0	-42
1282007	330	171	10	297	133	286	179	116	248	45	0	0	0	0	0	0	0	1	0	0	0	0	0	0	0	0	0.0	0.0	-1.0	-0.1607843	395	349	0	-42
1282043	607	406	10	297	133	286	179	116	248	45	0	0	0	0	0	0	0	1	0	0	0	0	0	0	0	0	0.0	0.0	-1.0	-0.18431371	365	343	0	-41
1282078	415	248	10	297	133	286	179	116	248	45	0	0	0	0	0	0	0	1	0	0	0	0	0	0	0	0	0.0	0.0	-1.0	-0.19999999	335	337	0	-40
1282111	441	243	10	297	133	286	179	116	248	45	0	0	0	0	0	0	0	1	0	0	0	0	0	0	0	0	0.0	0.0	-1.0	-0.19999999	305	331	0	-40
1282143	316	67	10	297	133	286	179	116	248	45	0	0	0	0	0	0	0	1	0	0	0	0	0	0	0	0	0.0	0.0	-1.0	-0.21568626	275	324	0	-40
1282173	138	-49	10	297	133	286	179	116	248	45	0	0	0	0	0	0	0	1	0	0	0	0	0	0	0	0	0.0	0.0	-1.0	-0.21568626	245	317	0	-40
1282207	196	-86	10	297	133	286	179	116	248	45	0	0	0	0	0	0	0	1	0	0	0	0	0	0	0	0	0.0	0.0	-1.0	-0.27058822	215	308	0	-37
1282242	146	516	10	297	133	286	179	116	248	45	0	0	0	0	0	0	0	1	0	0	0	0	0	0	0	0	0.0	0.0	-0.8745098	-0.29411763	188	299	0	-30
1282275	286	222	10	297	133	286	179	116	248	45	0	0	0	0	0	0	0	1	0	0	0	0	0	0	0	0	0.0	0.0	0.0	0.0	188	299	0	0
1288308	386	617	10	297	133	286	179	116	248	45	0	0	0	0	0	0	0	0	0	0	0	0	0	0	0	0	0.0	0.0	0.0	0.1686275	188	299	0	-9
1288343	198	371	10	297	133	286	179	116	248	45	0	0	0	0	0	0	0	0	0	0	0	0	0	0	0	0	0.0	0.0	0.0	0.254902	188	299	0	-13
1288377	81	-113	10	297	133	286	179	116	248	45	0	0	0	0	0	0	0	0	0	0	0	0	0	0	0	0	0.0	0.0	0.0	0.427451	188	299	0	-22
1288411	41	10	10	297	133	286	179	116	248	45	0	0	0	0	0	0	0	0	0	0	0	0	0	0	0	0	0.0	0.0	0.0	0.64705884	188	299	0	-33
1288445	239	181	10	297	133	286	179	116	248	45	0	0	0	0	0	0	0	0	0	0	0	0	0	0	0	0	0.0	0.0	-0.15294117	0.90588236	188	299	0	-53
1288478	235	151	10	297	133	286	179	116	248	45	0	0	0	0	0	0	0	0	0	0	0	0	0	0	0	0	0.0	0.0	-0.17647058	1.0	188	299	0	-59
1288511	291	147	10	297	133	286	179	116	248	45	0	0	0	0	0	0	0	0	0	0	0	0	0	0	0	0	0.0	0.0	-0.17647058	1.0	188	299	0	-59
1288543	135	135	10	297	133	286	179	116	248	45	0	0	0	0	0	0	0	0	0	0	0	0	0	0	0	0	0.0	0.0	-0.17647058	1.0	188	299	0	-59
1288575	344	935	10	297	133	286	179	116	248	45	0	0	0	0	0	0	0	0	0	0	0	0	0	0	0	0	0.0	0.0	-0.17647058	1.0	188	299	0	-59
1288610	260	548	10	297	133	286	179	116	248	45	0	0	0	0	0	0	0	0	0	0	0	0	0	0	0	0	0.0	0.0	-0.17647058	1.0	188	299	0	-59
1288644	55	-242	10	297	133	286	179	116	248	45	0	0	0	0	0	0	0	0	0	0	0	0	0	0	0	0	0.0	0.0	-0.17647058	1.0	188	299	0	-59
1288678	29	259	10	297	133	286	179	116	248	45	0	0	0	0	0	0	0	0	0	0	0	0	0	0	0	0	0.0	0.0	-0.17647058	1.0	188	299	0	-59
1288711	178	181	10	297	133	286	179	116	248	45	0	0	0	0	0	0	0	0	0	0	0	0	0	0	0	0	0.0	0.0	-0.17647058	1.0	188	299	0	-59
1288743	36	497	10	297	133	286	179	116	248	45	0	0	0	0	0	0	0	0	0	0	0	0	0	0	0	0	0.0	0.0	-0.17647058	1.0	188	299	0	-59
1288775	205	594	10	297	133	286	179	116	248	45	0	0	0	0	0	0	0	0	0	0	0	0	0	0	0	0	0.0	0.0	-0.17647058	1.0	188	299	0	-59
1288807	429	64	10	297	133	286	179	116	248	45	0	0	0	0	0	0	0	0	0	0	0	0	0	0	0	0	0.0	0.0	0.0	0.7490196	188	299	0	-38
1289773	215	292	10	297	133	286	179	116	248	45	0	0	0	0	0	0	0	1	0	0	0	0	0	0	0	0	0.0	0.0	0.0	0.0	188	299	0	0
1289807	77	-11	10	297	133	286	179	116	248	45	0	0	0	0	0	0	0	1	0	0	0	0	0	0	0	0	0.0	0.0	0.0	0.0	188	299	0	0
1289844	413	373	10	297	133	286	179	116	248	45	0	0	0	0	0	0	0	1	0	0	0	0	0	0	0	0	0.0	0.0	0.0	0.0	188	299	0	0
1289878	200	750	10	297	133	286	179	116	248	45	0	0	0	0	0	0	0	1	0	0	0	0	0	0	0	0	0.0	0.0	0.0	0.0	188	299	0	0
1289911	131	-35	10	297	133	286	179	116	248	45	0	0	0	0	0	0	0	1	0	0	0	0	0	0	0	0	0.0	0.0	0.0	0.0	188	299	0	0
1289944	354	481	10	297	133	286	179	116	248	45	0	0	0	0	0	0	0	1	0	0	0	0	0	0	0	0	0.0	0.0	0.0	0.0	188	299	0	0
1289977	295	568	10	297	133	286	179	116	248	45	0	0	0	0	0	0	0	1	0	0	0	0	0	0	0	0	0.0	0.0	0.0	0.0	188	299	0	0
1290011	294	167	10	297	133	286	179	116	248	45	0	0	0	0	0	0	0	1	0	0	0	0	0	0	0	0	0.0	0.0	0.0	0.0	188	299	0	0
1290044	255	565	10	297	133	286	179	116	248	45	0	0	0	0	0	0	0	1	0	0	0	0	0	0	0	0	0.0	0.0	0.0	0.0	188	299	0	0
1290077	231	310	10	297	133	286	179	116	248	45	0	0	0	0	0	0	0	1	0	0	0	0	0	0	0	0	0.0	0.0	0.0	0.0	188	299	0	0
1290110	235	268	10	297	133	286	179	116	248	45	0	0	0	0	0	0	0	1	0	0	0	0	0	0	0	0	0.0	0.0	0.0	0.0	188	299	0	0
1290144	301	418	10	297	133	286	179	116	248	45	0	0	0	0	0	0	0	1	0	0	0	0	0	0	0	0	0.0	0.0	0.0	0.0	188	299	0	0
1290177	118	234	10	297	133	286	179	116	248	45	0	0	0	0	0	0	0	1	0	0	0	0	0	0	0	0	0.0	0.0	0.0	0.0	188	299	0	0
1290210	276	257	10	297	133	286	179	116	248	45	0	0	0	0	0	0	0	1	0	0	0	0	0	0	0	0	0.0	0.0	0.0	0.0	188	299	0	0
1290243	45	556	10	297	133	286	179	116	248	45	0	0	0	0	0	0	0	1	0	0	0	0	0	0	0	0	0.0	0.0	0.0	0.0	188	299	0	0
1290277	24	885	10	297	133	286	179	116	248	45	0	0	0	0	0	0	0	1	0	0	0	0	0	0	0	0	0.0	0.0	0.0	0.0	188	299	0	0
1290310	218	361	10	297	133	286	179	116	248	45	0	0	0	0	0	0	0	1	0	0	0	0	0	0	0	0	0.0	0.0	0.0	0.0	188	299	0	0
1292473	-49	158	10	297	133	286	179	116	248	45	0	0	0	0	0	0	0	0	0	0	0	0	0	0	0	0	0.0	0.0	0.0	0.1686275	188	299	0	-9
1292507	147	335	10	297	133	286	179	116	248	45	0	0	0	0	0	0	0	0	0	0	0	0	0	0	0	0	0.0	0.0	0.0	0.20000005	188	299	0	-11
1292542	2	372	10	297	133	286	179	116	248	45	0	0	0	0	0	0	0	0	0	0	0	0	0	0	0	0	0.0	0.0	0.0	0.22352946	188	299	0	-12
1292575	251	246	10	297	133	286	179	116	248	45	0	0	0	0	0	0	0	0	0	0	0	0	0	0	0	0	0.0	0.0	0.0	0.24705887	188	299	0	-13
1292612	190	443	10	297	133	286	179	116	248	45	0	0	0	0	0	0	0	0	0	0	0	0	0	0	0	0	0.0	0.0	0.0	0.4039216	188	299	0	-21
1292641	191	349	10	297	133	286	179	116	248	45	0	0	0	0	0	0	0	0	0	0	0	0	0	0	0	0	0.0	0.0	0.0	0.5764706	188	299	0	-29
1292674	-93	503	10	297	133	286	179	116	248	45	0	0	0	0	0	0	0	0	0	0	0	0	0	0	0	0	0.0	0.0	0.0	0.7176471	188	299	0	-36
1292708	401	541	10	297	133	286	179	116	248	45	0	0	0	0	0	0	0	0	0	0	0	0	0	0	0	0	0.0	0.0	0.0	0.8666667	188	299	0	-44
1292741	181	626	10	297	133	286	179	116	248	45	0	0	0	0	0	0	0	0	0	0	0	0	0	0	0	0	0.0	0.0	0.0	1.0	188	299	0	-50
1292774	-53	599	10	297	133	286	179	116	248	45	0	0	0	0	0	0	0	0	0	0	0	0	0	0	0	0	0.0	0.0	0.0	1.0	188	299	0	-50
1292811	380	344	10	297	133	286	179	116	248	45	0	0	0	0	0	0	0	0	0	0	0	0	0	0	0	0	0.0	0.0	0.0	1.0	188	299	0	-50
1292841	385	516	10	297	133	286	179	116	248	45	0	0	0	0	0	0	0	0	0	0	0	0	0	0	0	0	0.0	0.0	0.0	1.0	188	299	0	-50
1292874	131	219	10	297	133	286	179	116	248	45	0	0	0	0	0	0	0	0	0	0	0	0	0	0	0	0	0.0	0.0	0.0	1.0	188	299	0	-50
1292907	93	84	10	297	133	286	179	116	248	45	0	0	0	0	0	0	0	0	0	0	0	0	0	0	0	0	0.0	0.0	0.0	1.0	188	299	0	-50
1292941	240	496	10	297	133	286	179	116	248	45	0	0	0	0	0	0	0	0	0	0	0	0	0	0	0	0	0.0	0.0	0.0	1.0	188	299	0	-50
1292974	172	451	10	297	133	286	179	116	248	45	0	0	0	0	0	0	0	0	0	0	0	0	0	0	0	0	0.0	0.0	0.0	1.0	188	299	0	-50
1293007	112	-234	10	297	133	286	179	116	248	45	0	0	0	0	0	0	0	0	0	0	0	0	0	0	0	0	0.0	0.0	0.0	1.0	188	299	0	-50
1293045	262	146	10	297	133	286	179	116	248	45	0	0	0	0	0	0	0	0	0	0	0	0	0	0	0	0	0.0	0.0	0.0	1.0	188	299	0	-50
1293074	53	491	10	297	133	286	179	116	248	45	0	0	0	0	0	0	0	0	0	0	0	0	0	0	0	0	0.0	0.0	0.0	1.0	188	299	0	-50
1293107	398	-313	10	297	133	286	179	116	248	45	0	0	0	0	0	0	0	0	0	0	0	0	0	0	0	0	0.0	0.0	0.0	1.0	188	299	0	-50
1293140	115	301	10	297	133	286	179	116	248	45	0	0	0	0	0	0	0	0	0	0	0	0	0	0	0	0	0.0	0.0	0.0	1.0	188	299	0	-50
1293175	129	636	10	297	133	286	179	116	248	45	0	0	0	0	0	0	0	0	0	0	0	0	0	0	0	0	0.0	0.0	0.0	1.0	188	299	0	-50
1293211	175	787	10	297	133	286	179	116	248	45	0	0	0	0	0	0	0	0	0	0	0	0	0	0	0	0	0.0	0.0	0.0	1.0	188	299	0	-50
1293245	69	516	10	297	133	286	179	116	248	45	0	0	0	0	0	0	0	0	0	0	0	0	0	0	0	0	0.0	0.0	0.0	1.0	188	299	0	-50
1293279	230	76	10	297	133	286	179	116	248	45	0	0	0	0	0	0	0	0	0	0	0	0	0	0	0	0	0.0	0.0	0.0	1.0	188	299	0	-50
1293311	220	714	10	297	133	286	179	116	248	45	0	0	0	0	0	0	0	0	0	0	0	0	0	0	0	0	0.0	0.0	0.0	1.0	188	299	0	-50
1293343	71	226	10	297	133	286	179	116	248	45	0	0	0	0	0	0	0	0	0	0	0	0	0	0	0	0	0.0	0.0	0.0	1.0	188	299	0	-50
1293375	41	166	10	297	133	286	179	116	248	45	0	0	0	0	0	0	0	0	0	0	0	0	0	0	0	0	0.0	0.0	0.0	1.0	188	299	0	-50
1293412	133	770	10	297	133	286	179	116	248	45	0	0	0	0	0	0	0	0	0	0	0	0	0	0	0	0	0.0	0.0	0.0	1.0	188	299	0	-50
1293446	104	388	10	297	133	286	179	116	248	45	0	0	0	0	0	0	0	0	0	0	0	0	0	0	0	0	0.0	0.0	0.0	1.0	188	299	0	-50
1293475	175	462	10	297	133	286	179	116	248	45	0	0	0	0	0	0	0	0	0	0	0	0	0	0	0	0	0.0	0.0	0.0	1.0	188	299	0	-50
1293511	338	709	10	297	133	286	179	116	248	45	0	0	0	0	0	0	0	0	0	0	0	0	0	0	0	0	0.0	0.0	0.0	0.7176471	188	299	0	-36
1293543	143	729	10	297	133	286	179	116	248	45	0	0	0	0	0	0	0	0	0	0	0	0	0	0	0	0	0.0	0.0	0.0	0.56078434	188	299	0	-29
1293575	410	274	10	297	133	286	179	116	248	45	0	0	0	0	0	0	0	0	0	0	0	0	0	0	0	0	0.0	0.0	0.0	0.4901961	188	299	0	-25
1293612	374	3	10	297	133	286	179	116	248	45	0	0	0	0	0	0	0	0	0	0	0	0	0	0	0	0	0.0	0.0	0.0	0.35686278	188	299	0	-18
1293642	396	856	10	297	133	286	179	116	248	45	0	0	0	0	0	0	0	0	0	0	0	0	0	0	0	0	0.0	0.0	0.0	0.20000005	188	299	0	-11
1293675	115	455	10	297	133	286	179	116	248	45	0	0	0	0	0	0	0	0	0	0	0	0	0	0	0	0	0.0	0.0	0.0	0.1686275	188	299	0	-9
1293975	208	-32	10	297	133	286	179	116	248	45	0	0	0	0	0	0	0	1	0	0	0	0	0	0	0	0	0.0	0.0	0.0	0.0	188	299	0	0
1294012	163	-15	10	297	133	286	179	116	248	45	0	0	0	0	0	0	0	1	0	0	0	0	0	0	0	0	0.0	0.0	0.0	0.0	188	299	0	0
1294046	137	927	10	297	133	286	179	116	248	45	0	0	0	0	0	0	0	1	0	0	0	0	0	0	0	0	0.0	0.0	0.0	0.0	188	299	0	0
1294078	316	475	10	297	133	286	179	116	248	45	0	0	0	0	0	0	0	1	0	0	0	0	0	0	0	0	0.0	0.0	0.0	0.0	188	299	0	0
1294111	-20	467	10	297	133	286	179	116	248	45	0	0	0	0	0	0	0	1	0	0	0	0	0	0	0	0	0.0	0.0	0.0	0.0	188	299	0	0
1294143	328	-322	10	297	133	286	179	116	248	45	0	0	0	0	0	0	0	1	0	0	0	0	0	0	0	0	0.0	0.0	0.0	0.0	188	299	0	0
1294175	214	344	10	297	133	286	179	116	248	45	0	0	0	0	0	0	0	1	0	0	0	0	0	0	0	0	0.0	0.0	0.0	0.0	188	299	0	0
1294212	113	343	10	297	133	286	179	116	248	45	0	0	0	0	0	0	0	1	0	0	0	0	0	0	0	0	0.0	0.0	0.0	0.0	188	299	0	0
1294245	240	649	10	297	133	286	179	116	248	45	0	0	0	0	0	0	0	1	0	0	0	0	0	0	0	0	0.0	0.0	0.0	0.0	188	299	0	0
1294278	445	31	10	297	133	286	179	116	248	45	0	0	0	0	0	0	0	1	0	0	0	0	0	0	0	0	0.0	0.0	0.0	0.27843142	188	307	0	-14
1294311	361	51	10	297	133	286	179	116	248	45	0	0	0	0	0	0	0	1	0	0	0	0	0	0	0	0	0.0	0.0	0.0	0.43529415	188	320	0	-22
1294343	163	355	10	297	133	286	179	116	248	45	0	0	0	0	0	0	0	1	0	0	0	0	0	0	0	0	0.0	0.0	0.0	0.62352943	188	338	0	-32
1294375	323	-229	10	297	133	286	179	116	248	45	0	0	0	0	0	0	0	1	0	0	0	0	0	0	0	0	0.0	0.0	0.20784318	0.7490196	194	360	0	-28
1294412	249	103	10	297	133	286	179	116	248	45	0	0	0	0	0	0	0	1	0	0	0	0	0	0	0	0	0.0	0.0	0.27843142	0.85882354	202	385	0	-30
1294441	60	378	10	297	133	286	179	116	248	45	0	0	0	0	0	0	0	1	0	0	0	0	0	0	0	0	0.0	0.0	0.30196083	0.9372549	211	413	0	-32
1294479	430	220	10	297	133	286	179	116	248	45	0	0	0	0	0	0	0	1	0	0	0	0	0	0	0	0	0.0	0.0	0.37254906	0.96862745	222	442	0	-30
1294511	238	643	10	297	133	286	179	116	248	45	0	0	0	0	0	0	0	1	0	0	0	0	0	0	0	0	0.0	0.0	0.41960788	0.9843137	234	471	0	-29
1294543	-88	602	10	297	133	286	179	116	248	45	0	0	0	0	0	0	0	1	0	0	0	0	0	0	0	0	0.0	0.0	0.48235297	0.9843137	248	500	0	-26
1294575	341	656	10	297	133	286	179	116	248	45	0	0	0	0	0	0	0	1	0	0	0	0	0	0	0	0	0.0	0.0	0.4901961	0.9372549	262	528	0	-23
1294612	-120	1326	10	297	133	286	179	116	248	45	0	0	0	0	0	0	0	1	0	0	0	0	0	0	0	0	0.0	0.0	0.5058824	0.90588236	277	555	0	-20
1294642	247	937	10	297	133	286	179	116	248	45	0	0	0	0	0	0	0	1	0	0	0	0	0	0	0	0	0.0	0.0	0.5058824	0.8901961	292	581	0	-20
1294676	106	105	10	297	133	286	179	116	248	45	0	0	0	0	0	0	0	1	0	0	0	0	0	0	0	0	0.0	0.0	0.5137255	0.8352941	307	606	0	-17
1294711	303	558	10	297	133	286	179	116	248	45	0	0	0	0	0	0	0	1	0	0	0	0	0	0	0	0	0.0	0.0	0.5529412	0.7490196	323	628	0	-10
1294743	557	625	10	297	133	286	179	116	248	45	0	0	0	0	0	0	0	1	0	0	0	0	0	0	0	0	0.0	0.0	0.56078434	0.7254902	339	649	0	-9
1294775	225	872	10	297	133	286	179	116	248	45	0	0	0	0	0	0	0	1	0	0	0	0	0	0	0	0	0.0	0.0	0.56078434	0.7254902	355	670	0	-9
1294812	-95	1280	10	297	133	286	179	116	248	45	0	0	0	0	0	0	0	1	0	0	0	0	0	0	0	0	0.0	0.0	0.5372549	0.7254902	371	691	0	-10
1294840	496	176	10	297	133	286	179	116	248	45	0	0	0	0	0	0	0	1	0	0	0	0	0	0	0	0	0.0	0.0	0.4901961	0.7019608	385	712	0	-11
1294879	286	353	10	297	133	286	179	116	248	45	0	0	0	0	0	0	0	1	0	0	0	0	0	0	0	0	0.0	0.0	0.4666667	0.6784314	399	732	0	-11
1294911	444	592	10	297	133	286	179	116	248	45	0	0	0	0	0	0	0	1	0	0	0	0	0	0	0	0	0.0	0.0	0.45882356	0.48235297	412	746	0	-2
1294944	262	553	10	297	133	286	179	116	248	45	0	0	0	0	0	0	0	1	0	0	0	0	0	0	0	0	0.0	0.0	0.43529415	0.254902	425	753	0	9
1294975	409	436	10	297	133	286	179	116	248	45	0	0	0	0	0	0	0	1	0	0	0	0	0	0	0	0	0.0	0.0	0.41176474	0.0	437	753	0	20
1295007	424	763	10	297	133	286	179	116	248	45	0	0	0	0	0	0	0	1	0	0	0	0	0	0	0	0	0.0	0.0	0.41176474	0.0	449	753	0	20
1295043	257	802	10	297	133	286	179	116	248	45	0	0	0	0	0	0	0	1	0	0	0	0	0	0	0	0	0.0	0.0	0.41176474	0.0	461	753	0	20
1295076	469	400	10	297	133	286	179	116	248	45	0	0	0	0	0	0	0	1	0	0	0	0	0	0	0	0	0.0	0.0	0.41176474	0.0	473	753	0	20
1295111	550	921	10	297	133	286	179	116	248	45	0	0	0	0	0	0	0	1	0	0	0	0	0	0	0	0	0.0	0.0	0.37254906	0.0	484	753	0	18
1295143	479	510	10	297	133	286	179	116	248	45	0	0	0	0	0	0	0	1	0	0	0	0	0	0	0	0	0.0	0.0	0.34901965	0.0	494	753	0	17
1295175	395	749	10	297	133	286	179	116	248	45	0	0	0	0	0	0	0	1	0	0	0	0	0	0	0	0	0.0	0.0	0.41960788	0.0	506	753	0	20
1295212	152	537	10	297	133	286	179	116	248	45	0	0	0	0	0	0	0	1	0	0	0	0	0	0	0	0	0.0	0.0	0.41960788	0.0	518	753	0	20
1295244	383	1142	10	297	133	286	179	116	248	45	0	0	0	0	0	0	0	1	0	0	0	0	0	0	0	0	0.0	0.0	0.30196083	0.0	527	753	0	15
1295278	341	1085	10	297	133	286	179	116	248	45	0	0	0	0	0	0	0	1	0	0	0	0	0	0	0	0	0.0	0.0	0.0	0.0	527	753	0	0
1295311	355	1017	10	297	133	286	179	116	248	45	0	0	0	0	0	0	0	1	0	0	0	0	0	0	0	0	0.0	0.0	0.0	0.0	527	753	0	0
1295343	524	715	10	297	133	286	179	116	248	45	0	0	0	0	0	0	0	1	0	0	0	0	0	0	0	0	0.0	0.0	0.0	0.0	527	753	0	0
1295374	440	921	10	297	133	286	179	116	248	45	0	0	0	0	0	0	0	1	0	0	0	0	0	0	0	0	0.0	0.0	0.0	0.0	527	753	0	0
1295410	343	637	10	297	133	286	179	116	248	45	0	0	0	0	0	0	0	1	0	0	0	0	0	0	0	0	0.0	0.0	0.0	0.0	527	753	0	0
1299141	612	995	10	297	133	286	179	116	248	45	0	0	0	0	0	0	0	0	0	0	0	0	0	0	0	0	0.0	0.0	0.2313726	0.0	527	753	0	11
1299174	318	700	10	297	133	286	179	116	248	45	0	0	0	0	0	0	0	0	0	0	0	0	0	0	0	0	0.0	0.0	0.27843142	0.0	527	753	0	13
1299209	683	588	10	297	133	286	179	116	248	45	0	0	0	0	0	0	0	0	0	0	0	0	0	0	0	0	0.0	0.0	0.30196083	0.20000005	527	753	0	5
1299240	486	572	10	297	133	286	179	116	248	45	0	0	0	0	0	0	0	0	0	0	0	0	0	0	0	0	0.0	0.0	0.30196083	0.21568632	527	753	0	4
1299274	331	720	10	297	133	286	179	116	248	45	0	0	0	0	0	0	0	0	0	0	0	0	0	0	0	0	0.0	0.0	0.32549024	0.24705887	527	753	0	3
1299309	591	609	10	297	133	286	179	116	248	45	0	0	0	0	0	0	0	0	0	0	0	0	0	0	0	0	0.0	0.0	0.37254906	0.30196083	527	753	0	3
1299340	321	824	10	297	133	286	179	116	248	45	0	0	0	0	0	0	0	0	0	0	0	0	0	0	0	0	0.0	0.0	0.38823533	0.32549024	527	753	0	3
1299373	451	368	10	297	133	286	179	116	248	45	0	0	0	0	0	0	0	0	0	0	0	0	0	0	0	0	0.0	0.0	0.38823533	0.32549024	527	753	0	3
1299407	486	1048	10	297	133	286	179	116	248	45	0	0	0	0	0	0	0	0	0	0	0	0	0	0	0	0	0.0	0.0	0.38823533	0.35686278	527	753	0	1
1299442	417	1350	10	297	133	286	179	116	248	45	0	0	0	0	0	0	0	0	0	0	0	0	0	0	0	0	0.0	0.0	0.38823533	0.45882356	527	753	0	-4
1299474	796	572	10	297	133	286	179	116	248	45	0	0	0	0	0	0	0	0	0	0	0	0	0	0	0	0	0.0	0.0	0.41176474	0.64705884	527	753	0	-12
1299508	602	848	10	297	133	286	179	116	248	45	0	0	0	0	0	0	0	0	0	0	0	0	0	0	0	0	0.0	0.0	0.41176474	0.8039216	527	753	0	-20
1299542	481	779	10	297	133	286	179	116	248	45	0	0	0	0	0	0	0	0	0	0	0	0	0	0	0	0	0.0	0.0	0.34901965	0.9137255	527	753	0	-29
1299575	491	669	10	297	133	286	179	116	248	45	0	0	0	0	0	0	0	0	0	0	0	0	0	0	0	0	0.0	0.0	0.34901965	1.0	527	753	0	-33
1299611	659	1008	10	297	133	286	179	116	248	45	0	0	0	0	0	0	0	0	0	0	0	0	0	0	0	0	0.0	0.0	0.34901965	1.0	527	753	0	-33
1299641	489	1276	10	297	133	286	179	116	248	45	0	0	0	0	0	0	0	0	0	0	0	0	0	0	0	0	0.0	0.0	0.37254906	1.0	527	753	0	-32
1299674	609	789	10	297	133	286	179	116	248	45	0	0	0	0	0	0	0	0	0	0	0	0	0	0	0	0	0.0	0.0	0.3411765	1.0	527	753	0	-33
1299708	242	364	10	297	133	286	179	116	248	45	0	0	0	0	0	0	0	0	0	0	0	0	0	0	0	0	0.0	0.0	0.27058828	0.92941177	527	753	0	-33
1299741	358	839	10	297	133	286	179	116	248	45	0	0	0	0	0	0	0	0	0	0	0	0	0	0	0	0	0.0	0.0	0.2313726	0.8509804	527	753	0	-31
1299774	655	868	10	297	133	286	179	116	248	45	0	0	0	0	0	0	0	0	0	0	0	0	0	0	0	0	0.0	0.0	0.21568632	0.52156866	527	753	0	-16
1299811	549	828	10	297	133	286	179	116	248	45	0	0	0	0	0	0	0	0	0	0	0	0	0	0	0	0	0.0	0.0	0.0	0.22352946	527	753	0	-12
1301574	606	940	10	297	133	286	179	116	248	45	0	0	0	0	0	0	0	1	0	0	0	0	0	0	0	0	0.0	0.0	0.0	0.0	527	753	0	0
1301612	656	800	10	297	133	286	179	116	248	45	0	0	0	0	0	0	0	1	0	0	0	0	0	0	0	0	0.0	0.0	0.0	0.0	527	753	0	0
1301646	236	658	10	297	133	286	179	116	248	45	0	0	0	0	0	0	0	1	0	0	0	0	0	0	0	0	0.0	0.0	0.0	0.0	527	753	0	0
1301678	383	943	10	297	133	286	179	116	248	45	0	0	0	0	0	0	0	1	0	0	0	0	0	0	0	0	0.0	0.0	0.0	0.0	527	753	0	0
1301710	545	737	10	297	133	286	179	116	248	45	0	0	0	0	0	0	0	1	0	0	0	0	0	0	0	0	0.0	0.0	0.0	0.0	527	753	0	0
1301741	383	321	10	297	133	286	179	116	248	45	0	0	0	0	0	0	0	1	0	0	0	0	0	0	0	0	0.0	0.0	0.0	0.0	527	753	0	0
1301777	464	435	10	297	133	286	179	116	248	45	0	0	0	0	0	0	0	1	0	0	0	0	0	0	0	0	0.0	0.0	0.0	0.0	527	753	0	0
1301812	597	735	10	297	133	286	179	116	248	45	0	0	0	0	0	0	0	1	0	0	0	0	0	0	0	0	0.0	0.0	0.0	0.0	527	753	0	0
1301845	646	909	10	297	133	286	179	116	248	45	0	0	0	0	0	0	0	1	0	0	0	0	0	0	0	0	0.0	0.0	0.0	0.0	527	753	0	0
1301878	433	1101	10	297	133	286	179	116	248	45	0	0	0	0	0	0	0	1	0	0	0	0	0	0	0	0	0.0	0.0	0.0	0.0	527	753	0	0
1301910	661	816	10	297	133	286	179	116	248	45	0	0	0	0	0	0	0	1	0	0	0	0	0	0	0	0	0.0	0.0	0.0	0.0	527	753	0	0
1301941	449	675	10	297	133	286	179	116	248	45	0	0	0	0	0	0	0	1	0	0	0	0	0	0	0	0	0.0	0.0	0.0	0.0	527	753	0	0
1301977	460	714	10	297	133	286	179	116	248	45	0	0	0	0	0	0	0	1	0	0	0	0	0	0	0	0	0.0	0.0	0.0	0.0	527	753	0	0
1302012	468	31	10	297	133	286	179	116	248	45	0	0	0	0	0	0	0	1	0	0	0	0	0	0	0	0	0.0	0.0	0.0	-0.27843136	527	744	0	13
1302045	477	1331	10	297	133	286	179	116	248	45	0	0	0	0	0	0	0	1	0	0	0	0	0	0	0	0	0.0	0.0	0.0	-0.3960784	527	732	0	19
1302078	321	822	10	297	133	286	179	116	248	45	0	0	0	0	0	0	0	1	0	0	0	0	0	0	0	0	0.0	0.0	0.0	-0.5294118	527	716	0	26
1302111	618	356	10	297	133	286	179	116	248	45	0	0	0	0	0	0	0	1	0	0	0	0	0	0	0	0	0.0	0.0	0.16078436	-0.6862745	531	695	0	42
1302143	639	293	10	297	133	286	179	116	248	45	0	0	0	0	0	0	0	1	0	0	0	0	0	0	0	0	0.0	0.0	0.23921573	-0.8666667	538	669	0	55
1302174	520	453	10	297	133	286	179	116	248	45	0	0	0	0	0	0	0	1	0	0	0	0	0	0	0	0	0.0	0.0	0.3176471	-0.94509804	547	640	0	63
1302210	498	935	10	297	133	286	179	116	248	45	0	0	0	0	0	0	0	1	0	0	0	0	0	0	0	0	0.0	0.0	0.3411765	-1.0	557	610	0	67
1302244	518	358	10	297	133	286	179	116	248	45	0	0	0	0	0	0	0	1	0	0	0	0	0	0	0	0	0.0	0.0	0.3411765	-1.0	567	580	0	67
1302278	659	674	10	297	133	286	179	116	248	45	0	0	0	0	0	0	0	1	0	0	0	0	0	0	0	0	0.0	0.0	0.34901965	-1.0	577	550	0	67
1302311	592	295	10	297	133	286	179	116	248	45	0	0	0	0	0	0	0	1	0	0	0	0	0	0	0	0	0.0	0.0	0.34901965	-1.0	587	520	0	67
1302343	663	58	10	297	133	286	179	116	248	45	0	0	0	0	0	0	0	1	0	0	0	0	0	0	0	0	0.0	0.0	0.34901965	-1.0	597	490	0	67
1302375	671	562	10	297	133	286	179	116	248	45	0	0	0	0	0	0	0	1	0	0	0	0	0	0	0	0	0.0	0.0	0.34901965	-1.0	607	460	0	67
1302409	428	215	10	297	133	286	179	116	248	45	0	0	0	0	0	0	0	1	0	0	0	0	0	0	0	0	0.0	0.0	0.34901965	-1.0	617	430	0	67
1302445	839	989	10	297	133	286	179	116	248	45	0	0	0	0	0	0	0	1	0	0	0	0	0	0	0	0	0.0	0.0	0.34901965	-1.0	627	400	0	67
1302478	663	692	10	297	133	286	179	116	248	45	0	0	0	0	0	0	0	1	0	0	0	0	0	0	0	0	0.0	0.0	0.34901965	-1.0	637	370	0	67
1302511	493	250	10	297	133	286	179	116	248	45	0	0	0	0	0	0	0	1	0	0	0	0	0	0	0	0	0.0	0.0	0.34901965	-1.0	647	340	0	67
1302543	643	473	10	297	133	286	179	116	248	45	0	0	0	0	0	0	0	1	0	0	0	0	0	0	0	0	0.0	0.0	0.34901965	-1.0	657	310	0	67
1302575	592	104	10	297	133	286	179	116	248	45	0	0	0	0	0	0	0	1	0	0	0	0	0	0	0	0	0.0	0.0	0.34901965	-1.0	667	280	0	67
1302612	709	299	10	297	133	286	179	116	248	45	0	0	0	0	0	0	0	1	0	0	0	0	0	0	0	0	0.0	0.0	0.34901965	-1.0	677	250	0	67
1302646	885	115	10	297	133	286	179	116	248	45	0	0	0	0	0	0	0	1	0	0	0	0	0	0	0	0	0.0	0.0	0.34901965	-1.0	687	220	0	67
1302679	718	22	10	297	133	286	179	116	248	45	0	0	0	0	0	0	0	1	0	0	0	0	0	0	0	0	0.0	0.0	0.36470592	-1.0	697	190	0	68
1302711	691	136	10	297	133	286	179	116	248	45	0	0	0	0	0	0	0	1	0	0	0	0	0	0	0	0	0.0	0.0	0.3176471	-0.70980394	706	168	0	51
1302742	630	342	10	297	133	286	179	116	248	45	0	0	0	0	0	0	0	1	0	0	0	0	0	0	0	0	0.0	0.0	0.0	0.0	706	168	0	0
1302775	451	230	10	297	133	286	179	116	248	45	0	0	0	0	0	0	0	1	0	0	0	0	0	0	0	0	0.0	0.0	0.0	0.0	706	168	0	0
1302810	574	-84	10	297	133	286	179	116	248	45	0	0	0	0	0	0	0	1	0	0	0	0	0	0	0	0	0.0	0.0	0.0	0.0	706	168	0	0
1303878	838	-105	10	297	133	286	179	116	248	45	0	0	0	0	0	0	0	0	0	0	0	0	0	0	0	0	0.0	0.0	0.18431377	0.0	706	168	0	9
1303912	681	456	10	297	133	286	179	116	248	45	0	0	0	0	0	0	0	0	0	0	0	0	0	0	0	0	0.0	0.0	0.19215691	0.0	706	168	0	9
1303944	704	450	10	297	133	286	179	116	248	45	0	0	0	0	0	0	0	0	0	0	0	0	0	0	0	0	0.0	0.0	0.38823533	0.0	706	168	0	19
1303977	560	171	10	297	133	286	179	116	248	45	0	0	0	0	0	0	0	0	0	0	0	0	0	0	0	0	0.0	0.0	0.56078434	0.0	706	168	0	28
1304011	626	311	10	297	133	286	179	116	248	45	0	0	0	0	0	0	0	0	0	0	0	0	0	0	0	0	0.0	0.0	0.67058825	0.0	706	168	0	33
1304044	456	-94	10	297	133	286	179	116	248	45	0	0	0	0	0	0	0	0	0	0	0	0	0	0	0	0	0.0	0.0	0.8745098	0.0	706	168	0	43
1304077	585	522	10	297	133	286	179	116	248	45	0	0	0	0	0	0	0	0	0	0	0	0	0	0	0	0	0.0	0.0	1.0	0.0	706	168	0	50
1304110	762	251	10	297	133	286	179	116	248	45	0	0	0	0	0	0	0	0	0	0	0	0	0	0	0	0	0.0	0.0	1.0	0.0	706	168	0	50
1304144	752	-17	10	297	133	286	179	116	248	45	0	0	0	0	0	0	0	0	0	0	0	0	0	0	0	0	0.0	0.0	1.0	0.0	706	168	0	50
1304177	619	464	10	297	133	286	179	116	248	45	0	0	0	0	0	0	0	0	0	0	0	0	0	0	0	0	0.0	0.0	1.0	0.0	706	168	0	50
1304210	597	287	10	297	133	286	179	116	248	45	0	0	0	0	0	0	0	0	0	0	0	0	0	0	0	0	0.0	0.0	1.0	0.0	706	168	0	50
1304243	708	309	10	297	133	286	179	116	248	45	0	0	0	0	0	0	0	0	0	0	0	0	0	0	0	0	0.0	0.0	1.0	0.0	706	168	0	50
1304277	748	425	10	297	133	286	179	116	248	45	0	0	0	0	0	0	0	0	0	0	0	0	0	0	0	0	0.0	0.0	1.0	0.0	706	168	0	50
1304310	626	81	10	297	133	286	179	116	248	45	0	0	0	0	0	0	0	0	0	0	0	0	0	0	0	0	0.0	0.0	1.0	0.0	706	168	0	50
1304344	673	-150	10	297	133	286	179	116	248	45	0	0	0	0	0	0	0	0	0	0	0	0	0	0	0	0	0.0	0.0	1.0	0.0	706	168	0	50
1304376	742	-436	10	297	133	286	179	116	248	45	0	0	0	0	0	0	0	0	0	0	0	0	0	0	0	0	0.0	0.0	1.0	0.0	706	168	0	50
1304410	582	-404	10	297	133	286	179	116	248	45	0	0	0	0	0	0	0	0	0	0	0	0	0	0	0	0	0.0	0.0	1.0	0.0	706	168	0	50
1304443	548	434	10	297	133	286	179	116	248	45	0	0	0	0	0	0	0	0	0	0	0	0	0	0	0	0	0.0	0.0	1.0	0.0	706	168	0	50
1304476	667	263	10	297	133	286	179	116	248	45	0	0	0	0	0	0	0	0	0	0	0	0	0	0	0	0	0.0	0.0	1.0	0.0	706	168	0	50
1304509	751	366	10	297	133	286	179	116	248	45	0	0	0	0	0	0	0	0	0	0	0	0	0	0	0	0	0.0	0.0	1.0	0.0	706	168	0	50
1304544	574	-304	10	297	133	286	179	116	248	45	0	0	0	0	0	0	0	0	0	0	0	0	0	0	0	0	0.0	0.0	1.0	0.0	706	168	0	50
1304576	778	342	10	297	133	286	179	116	248	45	0	0	0	0	0	0	0	0	0	0	0	0	0	0	0	0	0.0	0.0	1.0	0.0	706	168	0	50
1304609	492	528	10	297	133	286	179	116	248	45	0	0	0	0	0	0	0	0	0	0	0	0	0	0	0	0	0.0	0.0	1.0	0.0	706	168	0	50
1304642	433	40	10	297	133	286	179	116	248	45	0	0	0	0	0	0	0	0	0	0	0	0	0	0	0	0	0.0	0.0	1.0	0.0	706	168	0	50
1304676	634	-396	10	297	133	286	179	116	248	45	0	0	0	0	0	0	0	0	0	0	0	0	0	0	0	0	0.0	0.0	0.94509804	0.0	706	168	0	47
1304709	848	-77	10	297	133	286	179	116	248	45	0	0	0	0	0	0	0	0	0	0	0	0	0	0	0	0	0.0	0.0	0.92941177	0.0	706	168	0	46
1304742	811	-67	10	297	133	286	179	116	248	45	0	0	0	0	0	0	0	0	0	0	0	0	0	0	0	0	0.0	0.0	0.88235295	0.0	706	168	0	44
1307710	721	451	10	297	133	286	179	116	248	45	0	0	0	0	0	0	0	0	0	0	0	0	0	0	0	0	0.0	0.0	0.27843142	0.0	706	168	0	13
1307742	842	-171	10	297	133	286	179	116	248	45	0	0	0	0	0	0	0	0	0	0	0	0	0	0	0	0	0.0	0.0	0.30196083	0.0	706	168	0	15
1307774	698	-114	10	297	133	286	179	116	248	45	0	0	0	0	0	0	0	0	0	0	0	0	0	0	0	0	0.0	0.0	0.2313726	0.0	706	168	0	11
1307876	638	73	10	297	133	286	179	116	248	45	0	0	0	0	0	0	0	0	0	0	0	0	0	0	0	0	0.0	0.0	0.21568632	0.0	706	168	0	10
1307910	849	105	10	297	133	286	179	116	248	45	0	0	0	0	0	0	0	0	0	0	0	0	0	0	0	0	0.0	0.0	0.21568632	0.0	706	168	0	10
1307941	803	83	10	297	133	286	179	116	248	45	0	0	0	0	0	0	0	0	0	0	0	0	0	0	0	0	0.0	0.0	0.20784318	0.0	706	168	0	10
1307974	907	-18	10	297	133	286	179	116	248	45	0	0	0	0	0	0	0	0	0	0	0	0	0	0	0	0	0.0	0.0	0.3411765	0.0	706	168	0	17
1308013	777	-57	10	297	133	286	179	116	248	45	0	0	0	0	0	0	0	0	0	0	0	0	0	0	0	0	0.0	0.0	0.5294118	0.0	706	168	0	26
1308046	716	258	10	297	133	286	179	116	248	45	0	0	0	0	0	0	0	0	0	0	0	0	0	0	0	0	0.0	0.0	0.73333335	-0.38039213	706	168	0	55
1308078	676	-215	10	297	133	286	179	116	248	45	0	0	0	0	0	0	0	0	0	0	0	0	0	0	0	0	0.0	0.0	0.8745098	-0.5058824	706	168	0	69
1308110	962	-196	10	297	133	286	179	116	248	45	0	0	0	0	0	0	0	0	0	0	0	0	0	0	0	0	0.0	0.0	1.0	-0.54509807	706	168	0	77
1308142	571	-18	10	297	133	286	179	116	248	45	0	0	0	0	0	0	0	0	0	0	0	0	0	0	0	0	0.0	0.0	1.0	-0.56078434	706	168	0	78
1308174	583	67	10	297	133	286	179	116	248	45	0	0	0	0	0	0	0	0	0	0	0	0	0	0	0	0	0.0	0.0	1.0	-0.58431375	706	168	0	79
1308212	544	598	10	297	133	286	179	116	248	45	0	0	0	0	0	0	0	0	0	0	0	0	0	0	0	0	0.0	0.0	1.0	-0.58431375	706	168	0	79
1308246	738	350	10	297	133	286	179	116	248	45	0	0	0	0	0	0	0	0	0	0	0	0	0	0	0	0	0.0	0.0	1.0	-0.58431375	706	168	0	79
1308278	661	249	10	297	133	286	179	116	248	45	0	0	0	0	0	0	0	0	0	0	0	0	0	0	0	0	0.0	0.0	1.0	-0.58431375	706	168	0	79
1308310	677	-42	10	297	133	286	179	116	248	45	0	0	0	0	0	0	0	0	0	0	0	0	0	0	0	0	0.0	0.0	1.0	-0.58431375	706	168	0	79
1308342	724	-608	10	297	133	286	179	116	248	45	0	0	0	0	0	0	0	0	0	0	0	0	0	0	0	0	0.0	0.0	1.0	-0.58431375	706	168	0	79
1308374	935	264	10	297	133	286	179	116	248	45	0	0	0	0	0	0	0	0	0	0	0	0	0	0	0	0	0.0	0.0	1.0	-0.52156866	706	168	0	76
1308410	729	-37	10	297	133	286	179	116	248	45	0	0	0	0	0	0	0	0	0	0	0	0	0	0	0	0	0.0	0.0	1.0	-0.40392154	706	168	0	70
1308446	814	-5	10	297	133	286	179	116	248	45	0	0	0	0	0	0	0	0	0	0	0	0	0	0	0	0	0.0	0.0	0.6	-0.27843136	706	168	0	43
1308478	553	-134	10	297	133	286	179	116	248	45	0	0	0	0	0	0	0	0	0	0	0	0	0	0	0	0	0.0	0.0	0.41176474	0.0	706	168	0	20
1308507	708	-107	10	297	133	286	179	116	248	45	0	0	0	0	0	0	0	0	0	0	0	0	0	0	0	0	0.0	0.0	0.38823533	0.0	706	168	0	19
1308542	739	454	10	297	133	286	179	116	248	45	0	0	0	0	0	0	0	0	0	0	0	0	0	0	0	0	0.0	0.0	0.3411765	0.0	706	168	0	17
1309910	597	108	10	297	133	286	179	116	248	45	0	0	0	0	0	0	0	0	0	0	0	0	0	0	0	0	0.0	0.0	0.18431377	0.0	706	168	0	9
1309941	643	-137	10	297	133	286	179	116	248	45	0	0	0	0	0	0	0	0	0	0	0	0	0	0	0	0	0.0	0.0	0.32549024	0.2313726	706	168	0	4
1309974	746	691	10	297	133	286	179	116	248	45	0	0	0	0	0	0	0	0	0	0	0	0	0	0	0	0	0.0	0.0	0.3411765	0.28627455	706	168	0	2
1310009	665	-29	10	297	133	286	179	116	248	45	0	0	0	0	0	0	0	0	0	0	0	0	0	0	0	0	0.0	0.0	0.3176471	0.32549024	706	168	0	-1
1310046	733	-366	10	297	133	286	179	116	248	45	0	0	0	0	0	0	0	0	0	0	0	0	0	0	0	0	0.0	0.0	0.32549024	0.34901965	706	168	0	-2
1310078	813	695	10	297	133	286	179	116	248	45	0	0	0	0	0	0	0	0	0	0	0	0	0	0	0	0	0.0	0.0	0.5137255	0.4901961	706	168	0	1
1310110	580	290	10	297	133	286	179	116	248	45	0	0	0	0	0	0	0	0	0	0	0	0	0	0	0	0	0.0	0.0	0.58431375	0.52156866	706	168	0	3
1310141	714	-583	10	297	133	286	179	116	248	45	0	0	0	0	0	0	0	0	0	0	0	0	0	0	0	0	0.0	0.0	0.58431375	0.54509807	706	168	0	1
1310178	809	8	10	297	133	286	179	116	248	45	0	0	0	0	0	0	0	0	0	0	0	0	0	0	0	0	0.0	0.0	0.7176471	0.6392157	706	168	0	3
1310211	661	-73	10	297	133	286	179	116	248	45	0	0	0	0	0	0	0	0	0	0	0	0	0	0	0	0	0.0	0.0	0.7647059	0.6784314	706	168	0	4
1310246	793	66	10	297	133	286	179	116	248	45	0	0	0	0	0	0	0	0	0	0	0	0	0	0	0	0	0.0	0.0	0.8352941	0.7254902	706	168	0	5
1310278	769	690	10	297	133	286	179	116	248	45	0	0	0	0	0	0	0	0	0	0	0	0	0	0	0	0	0.0	0.0	1.0	0.85882354	706	168	0	7
1310310	634	243	10	297	133	286	179	116	248	45	0	0	0	0	0	0	0	0	0	0	0	0	0	0	0	0	0.0	0.0	1.0	0.85882354	706	168	0	7
1310346	787	441	10	297	133	286	179	116	248	45	0	0	0	0	0	0	0	0	0	0	0	0	0	0	0	0	0.0	0.0	1.0	0.85882354	706	168	0	7
1310379	678	544	10	297	133	286	179	116	248	45	0	0	0	0	0	0	0	0	0	0	0	0	0	0	0	0	0.0	0.0	1.0	0.85882354	706	168	0	7
1310412	591	443	10	297	133	286	179	116	248	45	0	0	0	0	0	0	0	0	0	0	0	0	0	0	0	0	0.0	0.0	1.0	0.85882354	706	168	0	7
1310446	697	301	10	297	133	286	179	116	248	45	0	0	0	0	0	0	0	0	0	0	0	0	0	0	0	0	0.0	0.0	1.0	0.85882354	706	168	0	7
1310478	463	150	10	297	133	286	179	116	248	45	0	0	0	0	0	0	0	0	0	0	0	0	0	0	0	0	0.0	0.0	1.0	0.8117647	706	168	0	9
1310510	691	-221	10	297	133	286	179	116	248	45	0	0	0	0	0	0	0	0	0	0	0	0	0	0	0	0	0.0	0.0	1.0	0.8039216	706	168	0	9
1310545	531	417	10	297	133	286	179	116	248	45	0	0	0	0	0	0	0	0	0	0	0	0	0	0	0	0	0.0	0.0	1.0	0.78039217	706	168	0	10
1310574	545	-364	10	297	133	286	179	116	248	45	0	0	0	0	0	0	0	0	0	0	0	0	0	0	0	0	0.0	0.0	1.0	0.77254903	706	168	0	11
1310612	583	-92	10	297	133	286	179	116	248	45	0	0	0	0	0	0	0	0	0	0	0	0	0	0	0	0	0.0	0.0	1.0	0.7254902	706	168	0	13
1310645	797	324	10	297	133	286	179	116	248	45	0	0	0	0	0	0	0	0	0	0	0	0	0	0	0	0	0.0	0.0	1.0	0.67058825	706	168	0	16
1310678	692	-81	10	297	133	286	179	116	248	45	0	0	0	0	0	0	0	1	0	0	0	0	0	0	0	0	0.0	0.0	1.0	0.6392157	736	187	0	18
1310711	742	228	10	297	133	286	179	116	248	45	0	0	0	0	0	0	0	1	0	0	0	0	0	0	0	0	0.0	0.0	1.0	0.6392157	766	206	0	18
1310745	774	513	10	297	133	286	179	116	248	45	0	0	0	0	0	0	0	1	0	0	0	0	0	0	0	0	0.0	0.0	1.0	0.6392157	796	225	0	18
1310778	754	-366	10	297	133	286	179	116	248	45	0	0	0	0	0	0	0	1	0	0	0	0	0	0	0	0	0.0	0.0	1.0	0.6392157	826	244	0	18
1310811	941	634	10	297	133	286	179	116	248	45	0	0	0	0	0	0	0	1	0	0	0	0	0	0	0	0	0.0	0.0	1.0	0.6392157	856	263	0	18
1310844	868	644	10	297	133	286	179	116	248	45	0	0	0	0	0	0	0	1	0	0	0	0	0	0	0	0	0.0	0.0	1.0	0.6	886	281	0	19
1310878	890	562	10	297	133	286	179	116	248	45	0	0	0	0	0	0	0	1	0	0	0	0	0	0	0	0	0.0	0.0	1.0	0.5764706	916	298	0	21
1310911	1065	283	10	297	133	286	179	116	248	45	0	0	0	0	0	0	0	1	0	0	0	0	0	0	0	0	0.0	0.0	1.0	0.5764706	946	315	0	21
1310944	930	566	10	297	133	286	179	116	248	45	0	0	0	0	0	0	0	1	0	0	0	0	0	0	0	0	0.0	0.0	1.0	0.5686275	976	332	0	21
1310977	1145	1084	10	297	133	286	179	116	248	45	0	0	0	0	0	0	0	1	0	0	0	0	0	0	0	0	0.0	0.0	1.0	0.56078434	1006	348	0	21
1311011	1093	495	10	297	133	286	179	116	248	45	0	0	0	0	0	0	0	1	0	0	0	0	0	0	0	0	0.0	0.0	1.0	0.56078434	1036	364	0	21
1311044	1021	749	10	297	133	286	179	116	248	45	0	0	0	0	0	0	0	0	0	0	0	0	0	0	0	0	0.0	0.0	1.0	0.52156866	1036	364	0	23
1311078	999	478	10	297	133	286	179	116	248	45	0	0	0	0	0	0	0	0	0	0	0	0	0	0	0	0	0.0	0.0	0.75686276	0.43529415	1036	364	0	16
1311111	1027	312	10	297	133	286	179	116	248	45	0	0	0	0	0	0	0	0	0	0	0	0	0	0	0	0	0.0	0.0	0.64705884	0.33333337	1036	364	0	15
1311144	959	14	10	297	133	286	179	116	248	45	0	0	0	0	0	0	0	0	0	0	0	0	0	0	0	0	0.0	0.0	0.6	0.27843142	1036	364	0	16
1314845	995	358	10	297	133	286	179	116	248	45	0	0	0	0	0	0	0	0	0	0	0	0	0	0	0	0	0.0	0.0	0.0	0.15294123	1036	364	0	-8
1314878	931	728	10	297	133	286	179	116	248	45	0	0	0	0	0	0	0	0	0	0	0	0	0	0	0	0	0.0	0.0	0.0	0.254902	1036	364	0	-13
1314910	1031	703	10	297	133	286	179	116	248	45	0	0	0	0	0	0	0	0	0	0	0	0	0	0	0	0	0.0	0.0	0.1686275	0.427451	1036	364	0	-13
1314941	888	350	10	297	133	286	179	116	248	45	0	0	0	0	0	0	0	0	0	0	0	0	0	0	0	0	0.0	0.0	0.2941177	0.64705884	1036	364	0	-18
1314974	943	263	10	297	133	286	179	116	248	45	0	0	0	0	0	0	0	0	0	0	0	0	0	0	0	0	0.0	0.0	0.32549024	0.92941177	1036	364	0	-31
1315013	1228	-80	10	297	133	286	179	116	248	45	0	0	0	0	0	0	0	0	0	0	0	0	0	0	0	0	0.0	0.0	0.37254906	1.0	1036	364	0	-32
1315041	1299	509	10	297	133	286	179	116	248	45	0	0	0	0	0	0	0	0	0	0	0	0	0	0	0	0	0.0	0.0	0.41960788	1.0	1036	364	0	-30
1315078	1195	551	10	297	133	286	179	116	248	45	0	0	0	0	0	0	0	0	0	0	0	0	0	0	0	0	0.0	0.0	0.4431373	1.0	1036	364	0	-28
1315110	1131	2	10	297	133	286	179	116	248	45	0	0	0	0	0	0	0	0	0	0	0	0	0	0	0	0	0.0	0.0	0.4431373	1.0	1036	364	0	-28
1315142	1024	-173	10	297	133	286	179	116	248	45	0	0	0	0	0	0	0	0	0	0	0	0	0	0	0	0	0.0	0.0	0.45882356	1.0	1036	364	0	-28
1315174	1196	251	10	297	133	286	179	116	248	45	0	0	0	0	0	0	0	0	0	0	0	0	0	0	0	0	0.0	0.0	0.5137255	1.0	1036	364	0	-25
1315213	1133	367	10	297	133	286	179	116	248	45	0	0	0	0	0	0	0	0	0	0	0	0	0	0	0	0	0.0	0.0	0.56078434	1.0	1036	364	0	-22
1315243	774	517	10	297	133	286	179	116	248	45	0	0	0	0	0	0	0	0	0	0	0	0	0	0	0	0	0.0	0.0	0.56078434	1.0	1036	364	0	-22
1315278	977	273	10	297	133	286	179	116	248	45	0	0	0	0	0	0	0	0	0	0	0	0	0	0	0	0	0.0	0.0	0.56078434	0.92941177	1036	364	0	-19
1315309	1006	654	10	297	133	286	179	116	248	45	0	0	0	0	0	0	0	0	0	0	0	0	0	0	0	0	0.0	0.0	0.7411765	0.6784314	1036	364	0	3
1315342	1220	43	10	297	133	286	179	116	248	45	0	0	0	0	0	0	0	0	0	0	0	0	0	0	0	0	0.0	0.0	0.96862745	0.33333337	1036	364	0	31
1315374	920	519	10	297	133	286	179	116	248	45	0	0	0	0	0	0	0	0	0	0	0	0	0	0	0	0	0.0	0.0	1.0	0.0	1036	364	0	50
1315412	1124	520	10	297	133	286	179	116	248	45	0	0	0	0	0	0	0	0	0	0	0	0	0	0	0	0	0.0	0.0	1.0	0.0	1036	364	0	50
1315446	1024	376	10	297	133	286	179	116	248	45	0	0	0	0	0	0	0	0	0	0	0	0	0	0	0	0	0.0	0.0	1.0	0.0	1036	364	0	50
1315478	900	728	10	297	133	286	179	116	248	45	0	0	0	0	0	0	0	0	0	0	0	0	0	0	0	0	0.0	0.0	1.0	-0.24705881	1036	364	0	62
1315510	1095	699	10	297	133	286	179	116	248	45	0	0	0	0	0	0	0	0	0	0	0	0	0	0	0	0	0.0	0.0	1.0	-0.38039213	1036	364	0	69
1315542	1021	332	10	297	133	286	179	116	248	45	0	0	0	0	0	0	0	0	0	0	0	0	0	0	0	0	0.0	0.0	1.0	-0.5529412	1036	364	0	77
1315574	830	-182	10	297	133	286	179	116	248	45	0	0	0	0	0	0	0	0	0	0	0	0	0	0	0	0	0.0	0.0	1.0	-0.6862745	1036	364	0	84
1315610	878	330	10	297	133	286	179	116	248	45	0	0	0	0	0	0	0	0	0	0	0	0	0	0	0	0	0.0	0.0	1.0	-0.78039217	1036	364	0	89
1315646	1089	-28	10	297	133	286	179	116	248	45	0	0	0	0	0	0	0	0	0	0	0	0	0	0	0	0	0.0	0.0	1.0	-0.9137255	1036	364	0	95
1315678	964	609	10	297	133	286	179	116	248	45	0	0	0	0	0	0	0	0	0	0	0	0	0	0	0	0	0.0	0.0	1.0	-1.0	1036	364	0	100
1315710	1215	53	10	297	133	286	179	116	248	45	0	0	0	0	0	0	0	0	0	0	0	0	0	0	0	0	0.0	0.0	1.0	-1.0	1036	364	0	100
1315742	967	179	10	297	133	286	179	116	248	45	0	0	0	0	0	0	0	0	0	0	0	0	0	0	0	0	0.0	0.0	1.0	-1.0	1036	364	0	100
1315778	894	306	10	297	133	286	179	116	248	45	0	0	0	0	0	0	0	0	0	0	0	0	0	0	0	0	0.0	0.0	1.0	-1.0	1036	364	0	100
1315812	947	453	10	297	133	286	179	116	248	45	0	0	0	0	0	0	0	0	0	0	0	0	0	0	0	0	0.0	0.0	1.0	-1.0	1036	364	0	100
1315846	1218	-18	10	297	133	286	179	116	248	45	0	0	0	0	0	0	0	0	0	0	0	0	0	0	0	0	0.0	0.0	0.9764706	-1.0	1036	364	0	98
1315878	953	309	10	297	133	286	179	116	248	45	0	0	0	0	0	0	0	0	0	0	0	0	0	0	0	0	0.0	0.0	0.92156863	-1.0	1036	364	0	96
1315910	961	230	10	297	133	286	179	116	248	45	0	0	0	0	0	0	0	0	0	0	0	0	0	0	0	0	0.0	0.0	0.8509804	-1.0	1036	364	0	92
1315941	1025	191	10	297	133	286	179	116	248	45	0	0	0	0	0	0	0	0	0	0	0	0	0	0	0	0	0.0	0.0	0.7647059	-1.0	1036	364	0	88
1315974	1028	329	10	297	133	286	179	116	248	45	0	0	0	0	0	0	0	0	0	0	0	0	0	0	0	0	0.0	0.0	0.75686276	-1.0	1036	364	0	87
1316010	1015	-3	10	297	133	286	179	116	248	45	0	0	0	0	0	0	0	0	0	0	0	0	0	0	0	0	0.0	0.0	0.7411765	-0.96862745	1036	364	0	85
1316045	1044	422	10	297	133	286	179	116	248	45	0	0	0	0	0	0	0	0	0	0	0	0	0	0	0	0	0.0	0.0	0.6627451	-0.78039217	1036	364	0	72
1317379	1074	544	10	297	133	286	179	116	248	45	0	0	0	0	0	0	0	0	0	0	0	0	0	0	0	0	0.0	0.0	-0.30196077	0.0	1036	364	0	-16
1317411	1053	496	10	297	133	286	179	116	248	45	0	0	0	0	0	0	0	0	0	0	0	0	0	0	0	0	0.0	0.0	-0.38823527	0.0	1036	364	0	-20
1317445	929	528	10	297	133	286	179	116	248	45	0	0	0	0	0	0	0	0	0	0	0	0	0	0	0	0	0.0	0.0	-0.4980392	0.0	1036	364	0	-25
1317478	995	422	10	297	133	286	179	116	248	45	0	0	0	0	0	0	0	0	0	0	0	0	0	0	0	0	0.0	0.0	-0.75686276	0.0	1036	364	0	-38
1317512	996	480	10	297	133	286	179	116	248	45	0	0	0	0	0	0	0	0	0	0	0	0	0	0	0	0	0.0	0.0	-0.92941177	0.0	1036	364	0	-47
1317545	851	311	10	297	133	286	179	116	248	45	0	0	0	0	0	0	0	0	0	0	0	0	0	0	0	0	0.0	0.0	-1.0	0.0	1036	364	0	-50
1317578	1178	794	10	297	133	286	179	116	248	45	0	0	0	0	0	0	0	0	0	0	0	0	0	0	0	0	0.0	0.0	-1.0	0.19215691	1036	364	0	-60
1317612	877	492	10	297	133	286	179	116	248	45	0	0	0	0	0	0	0	0	0	0	0	0	0	0	0	0	0.0	0.0	-1.0	0.20000005	1036	364	0	-61
1317645	933	-2	10	297	133	286	179	116	248	45	0	0	0	0	0	0	0	0	0	0	0	0	0	0	0	0	0.0	0.0	-1.0	0.20000005	1036	364	0	-61
1317678	1269	47	10	297	133	286	179	116	248	45	0	0	0	0	0	0	0	0	0	0	0	0	0	0	0	0	0.0	0.0	-1.0	0.27843142	1036	364	0	-64
1317711	875	103	10	297	133	286	179	116	248	45	0	0	0	0	0	0	0	0	0	0	0	0	0	0	0	0	0.0	0.0	-1.0	0.28627455	1036	364	0	-65
1317745	1007	303	10	297	133	286	179	116	248	45	0	0	0	0	0	0	0	0	0	0	0	0	0	0	0	0	0.0	0.0	-1.0	0.28627455	1036	364	0	-65
1317778	1183	959	10	297	133	286	179	116	248	45	0	0	0	0	0	0	0	0	0	0	0	0	0	0	0	0	0.0	0.0	-1.0	0.33333337	1036	364	0	-67
1317811	1068	130	10	297	133	286	179	116	248	45	0	0	0	0	0	0	0	0	0	0	0	0	0	0	0	0	0.0	0.0	-0.92941177	0.38823533	1036	364	0	-66
1317844	1002	239	10	297	133	286	179	116	248	45	0	0	0	0	0	0	0	0	0	0	0	0	0	0	0	0	0.0	0.0	-0.3490196	0.0	1036	364	0	-18
1318444	844	714	10	297	133	286	179	116	248	45	0	0	0	0	0	0	0	1	0	0	0	0	0	0	0	0	0.0	0.0	0.0	0.0	1036	364	0	0
1318476	1093	34	10	297	133	286	179	116	248	45	0	0	0	0	0	0	0	1	0	0	0	0	0	0	0	0	0.0	0.0	0.0	0.0	1036	364	0	0
1318509	1089	213	10	297	133	286	179	116	248	45	0	0	0	0	0	0	0	1	0	0	0	0	0	0	0	0	0.0	0.0	0.0	0.0	1036	364	0	0
1318543	1009	69	10	297	133	286	179	116	248	45	0	0	0	0	0	0	0	1	0	0	0	0	0	0	0	0	0.0	0.0	0.0	0.0	1036	364	0	0
1318576	918	58	10	297	133	286	179	116	248	45	0	0	0	0	0	0	0	1	0	0	0	0	0	0	0	0	0.0	0.0	0.0	0.0	1036	364	0	0
1318609	900	802	10	297	133	286	179	116	248	45	0	0	0	0	0	0	0	1	0	0	0	0	0	0	0	0	0.0	0.0	0.0	0.0	1036	364	0	0
1318709	1156	511	10	297	133	286	179	116	248	45	0	0	0	0	0	0	0	1	0	0	0	0	0	0	0	0	0.0	0.0	0.0	0.0	1036	364	0	0
1318742	1043	2	10	297	133	286	179	116	248	45	0	0	0	0	0	0	0	1	0	0	0	0	0	0	0	0	0.0	0.0	0.0	0.0	1036	364	0	0
1318775	904	343	10	297	133	286	179	116	248	45	0	0	0	0	0	0	0	1	0	0	0	0	0	0	0	0	0.0	0.0	0.0	0.0	1036	364	0	0
1318809	976	242	10	297	133	286	179	116	248	45	0	0	0	0	0	0	0	1	0	0	0	0	0	0	0	0	0.0	0.0	0.0	0.0	1036	364	0	0
1318842	1055	612	10	297	133	286	179	116	248	45	0	0	0	0	0	0	0	1	0	0	0	0	0	0	0	0	0.0	0.0	0.0	0.0	1036	364	0	0
1318875	954	214	10	297	133	286	179	116	248	45	0	0	0	0	0	0	0	1	0	0	0	0	0	0	0	0	0.0	0.0	-0.27843136	0.0	1027	364	0	-14
1318909	932	186	10	297	133	286	179	116	248	45	0	0	0	0	0	0	0	1	0	0	0	0	0	0	0	0	0.0	0.0	-0.32549018	0.0	1017	364	0	-17
1318942	1252	579	10	297	133	286	179	116	248	45	0	0	0	0	0	0	0	1	0	0	0	0	0	0	0	0	0.0	0.0	-0.40392154	0.0	1004	364	0	-21
1318975	985	-150	10	297	133	286	179	116	248	45	0	0	0	0	0	0	0	1	0	0	0	0	0	0	0	0	0.0	0.0	-0.5058824	0.0	988	364	0	-26
1319008	1317	322	10	297	133	286	179	116	248	45	0	0	0	0	0	0	0	1	0	0	0	0	0	0	0	0	0.0	0.0	-0.654902	0.0	968	364	0	-33
1319041	873	486	10	297	133	286	179	116	248	45	0	0	0	0	0	0	0	1	0	0	0	0	0	0	0	0	0.0	0.0	-0.67058825	0.0	947	364	0	-34
1319075	742	579	10	297	133	286	179	116	248	45	0	0	0	0	0	0	0	1	0	0	0	0	0	0	0	0	0.0	0.0	-0.69411767	0.0	926	364	0	-35
1319109	992	547	10	297	133	286	179	116	248	45	0	0	0	0	0	0	0	1	0	0	0	0	0	0	0	0	0.0	0.0	-0.75686276	0.0	903	364	0	-38
1319142	948	253	10	297	133	286	179	116	248	45	0	0	0	0	0	0	0	1	0	0	0	0	0	0	0	0	0.0	0.0	-0.8901961	0.0	876	364	0	-45
1319174	894	153	10	297	133	286	179	116	248	45	0	0	0	0	0	0	0	1	0	0	0	0	0	0	0	0	0.0	0.0	-1.0	0.0	846	364	0	-50
1319208	1092	510	10	297	133	286	179	116	248	45	0	0	0	0	0	0	0	1	0	0	0	0	0	0	0	0	0.0	0.0	-1.0	0.0	816	364	0	-50
1319242	894	370	10	297	133	286	179	116	248	45	0	0	0	0	0	0	0	1	0	0	0	0	0	0	0	0	0.0	0.0	-1.0	0.0	786	364	0	-50
1319275	881	-159	10	297	133	286	179	116	248	45	0	0	0	0	0	0	0	1	0	0	0	0	0	0	0	0	0.0	0.0	-1.0	0.0	756	364	0	-50
1319308	908	764	10	297	133	286	179	116	248	45	0	0	0	0	0	0	0	1	0	0	0	0	0	0	0	0	0.0	0.0	-1.0	0.0	726	364	0	-50
1319343	771	1006	10	297	133	286	179	116	248	45	0	0	0	0	0	0	0	1	0	0	0	0	0	0	0	0	0.0	0.0	-1.0	0.0	696	364	0	-50
1319374	461	-447	10	297	133	286	179	116	248	45	0	0	0	0	0	0	0	1	0	0	0	0	0	0	0	0	0.0	0.0	-1.0	0.0	666	364	0	-50
1319408	756	263	10	297	133	286	179	116	248	45	0	0	0	0	0	0	0	1	0	0	0	0	0	0	0	0	0.0	0.0	-1.0	0.0	636	364	0	-50
1319444	494	341	10	297	133	286	179	116	248	45	0	0	0	0	0	0	0	1	0	0	0	0	0	0	0	0	0.0	0.0	-1.0	0.0	606	364	0	-50
1319475	630	431	10	297	133	286	179	116	248	45	0	0	0	0	0	0	0	1	0	0	0	0	0	0	0	0	0.0	0.0	-1.0	0.0	576	364	0	-50
1319508	500	339	10	297	133	286	179	116	248	45	0	0	0	0	0	0	0	1	0	0	0	0	0	0	0	0	0.0	0.0	-1.0	0.0	546	364	0	-50
1319544	482	154	10	297	133	286	179	116	248	45	0	0	0	0	0	0	0	1	0	0	0	0	0	0	0	0	0.0	0.0	-1.0	0.0	516	364	0	-50
1319575	466	297	10	297	133	286	179	116	248	45	0	0	0	0	0	0	0	1	0	0	0	0	0	0	0	0	0.0	0.0	-1.0	0.0	486	364	0	-50
1319608	390	621	10	297	133	286	179	116	248	45	0	0	0	0	0	0	0	1	0	0	0	0	0	0	0	0	0.0	0.0	-1.0	0.0	456	364	0	-50
1319641	579	681	10	297	133	286	179	116	248	45	0	0	0	0	0	0	0	1	0	0	0	0	0	0	0	0	0.0	0.0	-1.0	0.0	426	364	0	-50
1319675	392	-199	10	297	133	286	179	116	248	45	0	0	0	0	0	0	0	1	0	0	0	0	0	0	0	0	0.0	0.0	-1.0	0.0	396	364	0	-50
1319710	347	-188	10	297	133	286	179	116	248	45	0	0	0	0	0	0	0	1	0	0	0	0	0	0	0	0	0.0	0.0	-1.0	0.0	366	364	0	-50
1319741	300	-9	10	297	133	286	179	116	248	45	0	0	0	0	0	0	0	1	0	0	0	0	0	0	0	0	0.0	0.0	-1.0	0.0	336	364	0	-50
1319774	485	553	10	297	133	286	179	116	248	45	0	0	0	0	0	0	0	1	0	0	0	0	0	0	0	0	0.0	0.0	-1.0	0.0	306	364	0	-50
1319807	485	-118	10	297	133	286	179	116	248	45	0	0	0	0	0	0	0	1	0	0	0	0	0	0	0	0	0.0	0.0	-1.0	0.0	276	364	0	-50
1319841	501	575	10	297	133	286	179	116	248	45	0	0	0	0	0	0	0	1	0	0	0	0	0	0	0	0	0.0	0.0	-1.0	0.0	246	364	0	-50
1319875	205	726	10	297	133	286	179	116	248	45	0	0	0	0	0	0	0	1	0	0	0	0	0	0	0	0	0.0	0.0	-1.0	0.0	216	364	0	-50
1319908	449	797	10	297	133	286	179	116	248	45	0	0	0	0	0	0	0	1	0	0	0	0	0	0	0	0	0.0	0.0	-1.0	0.0	186	364	0	-50
1319941	228	246	10	297	133	286	179	116	248	45	0	0	0	0	0	0	0	1	0	0	0	0	0	0	0	0	0.0	0.0	-1.0	0.0	156	364	0	-50
1319974	65	362	10	297	133	286	179	116	248	45	0	0	0	0	0	0	0	1	0	0	0	0	0	0	0	0	0.0	0.0	-0.92156863	0.0	128	364	0	-47
1322377	241	311	10	297	133	286	179	116	248	45	0	0	0	0	0	0	0	0	0	0	0	0	0	0	0	0	0.0	0.0	0.0	0.27058828	128	364	0	-14
1322409	159	50	10	297	133	286	179	116	248	45	0	0	0	0	0	0	0	0	0	0	0	0	0	0	0	0	0.0	0.0	0.0	0.34901965	128	364	0	-18
1322445	134	233	10	297	133	286	179	116	248	45	0	0	0	0	0	0	0	0	0	0	0	0	0	0	0	0	0.0	0.0	0.0	0.45882356	128	364	0	-23
1322478	91	510	10	297	133	286	179	116	248	45	0	0	0	0	0	0	0	0	0	0	0	0	0	0	0	0	0.0	0.0	0.0	0.52156866	128	364	0	-27
1322510	152	668	10	297	133	286	179	116	248	45	0	0	0	0	0	0	0	0	0	0	0	0	0	0	0	0	0.0	0.0	0.0	0.67058825	128	364	0	-34
1322542	-135	360	10	297	133	286	179	116	248	45	0	0	0	0	0	0	0	0	0	0	0	0	0	0	0	0	0.0	0.0	0.0	0.73333335	128	364	0	-37
1322579	-64	693	10	297	133	286	179	116	248	45	0	0	0	0	0	0	0	0	0	0	0	0	0	0	0	0	0.0	0.0	0.0	0.8901961	128	364	0	-45
1322613	143	217	10	297	133	286	179	116	248	45	0	0	0	0	0	0	0	0	0	0	0	0	0	0	0	0	0.0	0.0	0.0	1.0	128	364	0	-50
1322641	191	-340	10	297	133	286	179	116	248	45	0	0	0	0	0	0	0	0	0	0	0	0	0	0	0	0	0.0	0.0	0.0	1.0	128	364	0	-50
1322678	30	701	10	297	133	286	179	116	248	45	0	0	0	0	0	0	0	0	0	0	0	0	0	0	0	0	0.0	0.0	0.0	1.0	128	364	0	-50
1322710	-83	312	10	297	133	286	179	116	248	45	0	0	0	0	0	0	0	0	0	0	0	0	0	0	0	0	0.0	0.0	0.19215691	1.0	128	364	0	-41
1322742	133	253	10	297	133	286	179	116	248	45	0	0	0	0	0	0	0	0	0	0	0	0	0	0	0	0	0.0	0.0	0.20784318	1.0	128	364	0	-40
1322778	81	187	10	297	133	286	179	116	248	45	0	0	0	0	0	0	0	0	0	0	0	0	0	0	0	0	0.0	0.0	0.20784318	1.0	128	364	0	-40
1322812	116	171	10	297	133	286	179	116	248	45	0	0	0	0	0	0	0	0	0	0	0	0	0	0	0	0	0.0	0.0	0.20784318	1.0	128	364	0	-40
1322843	200	410	10	297	133	286	179	116	248	45	0	0	0	0	0	0	0	0	0	0	0	0	0	0	0	0	0.0	0.0	0.1686275	1.0	128	364	0	-42
1322878	26	1111	10	297	133	286	179	116	248	45	0	0	0	0	0	0	0	0	0	0	0	0	0	0	0	0	0.0	0.0	0.0	1.0	128	364	0	-50
1322910	150	236	10	297	133	286	179	116	248	45	0	0	0	0	0	0	0	0	0	0	0	0	0	0	0	0	0.0	0.0	0.0	1.0	128	364	0	-50
1322942	15	352	10	297	133	286	179	116	248	45	0	0	0	0	0	0	0	0	0	0	0	0	0	0	0	0	0.0	0.0	0.0	1.0	128	364	0	-50
1322979	227	-156	10	297	133	286	179	116	248	45	0	0	0	0	0	0	0	0	0	0	0	0	0	0	0	0	0.0	0.0	0.0	1.0	128	364	0	-50
1323010	-28	91	10	297	133	286	179	116	248	45	0	0	0	0	0	0	0	0	0	0	0	0	0	0	0	0	0.0	0.0	0.0	1.0	128	364	0	-50
1323044	260	-12	10	297	133	286	179	116	248	45	0	0	0	0	0	0	0	0	0	0	0	0	0	0	0	0	0.0	0.0	-0.21568626	1.0	128	364	0	-61
1323078	-171	319	10	297	133	286	179	116	248	45	0	0	0	0	0	0	0	0	0	0	0	0	0	0	0	0	0.0	0.0	-0.2862745	1.0	128	364	0	-65
1323110	117	890	10	297	133	286	179	116	248	45	0	0	0	0	0	0	0	0	0	0	0	0	0	0	0	0	0.0	0.0	-0.40392154	1.0	128	364	0	-71
1323145	43	12	10	297	133	286	179	116	248	45	0	0	0	0	0	0	0	0	0	0	0	0	0	0	0	0	0.0	0.0	-0.41176468	1.0	128	364	0	-71
1323179	369	520	10	297	133	286	179	116	248	45	0	0	0	0	0	0	0	0	0	0	0	0	0	0	0	0	0.0	0.0	-0.42745095	0.7882353	128	364	0	-61
1323210	433	-4	10	297	133	286	179	116	248	45	0	0	0	0	0	0	0	0	0	0	0	0	0	0	0	0	0.0	0.0	-0.42745095	0.67058825	128	364	0	-55
1323245	170	561	10	297	133	286	179	116	248	45	0	0	0	0	0	0	0	0	0	0	0	0	0	0	0	0	0.0	0.0	-0.6	0.5058824	128	364	0	-56
1323278	225	129	10	297	133	286	179	116	248	45	0	0	0	0	0	0	0	0	0	0	0	0	0	0	0	0	0.0	0.0	-0.6784314	0.38823533	128	364	0	-54
1323310	-341	726	10	297	133	286	179	116	248	45	0	0	0	0	0	0	0	0	0	0	0	0	0	0	0	0	0.0	0.0	-0.42745095	0.0	128	364	0	-22
1323342	140	226	10	297	133	286	179	116	248	45	0	0	0	0	0	0	0	0	0	0	0	0	0	0	0	0	0.0	0.0	-0.30196077	0.0	128	364	0	-16
1323377	349	481	10	297	133	286	179	116	248	45	0	0	0	0	0	0	0	0	0	0	0	0	0	0	0	0	0.0	0.0	-0.20784312	-0.24705881	128	364	0	1
1323412	202	595	10	297	133	286	179	116	248	45	0	0	0	0	0	0	0	0	0	0	0	0	0	0	0	0	0.0	0.0	-0.17647058	-0.4588235	128	364	0	14
1323441	102	802	10	297	133	286	179	116	248	45	0	0	0	0	0	0	0	0	0	0	0	0	0	0	0	0	0.0	0.0	0.0	-0.7411765	128	364	0	37
1323478	169	679	10	297	133	286	179	116	248	45	0	0	0	0	0	0	0	0	0	0	0	0	0	0	0	0	0.0	0.0	0.2313726	-1.0	128	364	0	61
1323512	305	-158	10	297	133	286	179	116	248	45	0	0	0	0	0	0	0	0	0	0	0	0	0	0	0	0	0.0	0.0	0.38823533	-1.0	128	364	0	69
1323540	236	1382	10	297	133	286	179	116	248	45	0	0	0	0	0	0	0	0	0	0	0	0	0	0	0	0	0.0	0.0	0.43529415	-1.0	128	364	0	71
1323574	1	210	10	297	133	286	179	116	248	45	0	0	0	0	0	0	0	0	0	0	0	0	0	0	0	0	0.0	0.0	0.48235297	-1.0	128	364	0	74
1323613	61	346	10	297	133	286	179	116	248	45	0	0	0	0	0	0	0	0	0	0	0	0	0	0	0	0	0.0	0.0	0.48235297	-1.0	128	364	0	74
1323642	-42	622	10	297	133	286	179	116	248	45	0	0	0	0	0	0	0	0	0	0	0	0	0	0	0	0	0.0	0.0	0.41960788	-1.0	128	364	0	70
1323678	33	322	10	297	133	286	179	116	248	45	0	0	0	0	0	0	0	0	0	0	0	0	0	0	0	0	0.0	0.0	0.39607847	-0.96862745	128	364	0	68
1323710	162	160	10	297	133	286	179	116	248	45	0	0	0	0	0	0	0	0	0	0	0	0	0	0	0	0	0.0	0.0	0.39607847	-0.96862745	128	364	0	68
1323742	307	406	10	297	133	286	179	116	248	45	0	0	0	0	0	0	0	0	0	0	0	0	0	0	0	0	0.0	0.0	0.4666667	-1.0	128	364	0	73
1323774	175	361	10	297	133	286	179	116	248	45	0	0	0	0	0	0	0	0	0	0	0	0	0	0	0	0	0.0	0.0	0.48235297	-1.0	128	364	0	74
1323813	210	621	10	297	133	286	179	116	248	45	0	0	0	0	0	0	0	0	0	0	0	0	0	0	0	0	0.0	0.0	0.45882356	-1.0	128	364	0	72
1323846	138	152	10	297	133	286	179	116	248	45	0	0	0	0	0	0	0	0	0	0	0	0	0	0	0	0	0.0	0.0	0.37254906	-1.0	128	364	0	68
1323878	201	376	10	297	133	286	179	116	248	45	0	0	0	0	0	0	0	0	0	0	0	0	0	0	0	0	0.0	0.0	0.4431373	-1.0	128	364	0	72
1323909	-23	-23	10	297	133	286	179	116	248	45	0	0	0	0	0	0	0	0	0	0	0	0	0	0	0	0	0.0	0.0	0.45882356	-1.0	128	364	0	72
1323941	-3	234	10	297	133	286	179	116	248	45	0	0	0	0	0	0	0	0	0	0	0	0	0	0	0	0	0.0	0.0	0.38823533	-1.0	128	364	0	69
1323980	280	-85	10	297	133	286	179	116	248	45	0	0	0	0	0	0	0	0	0	0	0	0	0	0	0	0	0.0	0.0	0.20784318	-1.0	128	364	0	60
1324009	239	606	10	297	133	286	179	116	248	45	0	0	0	0	0	0	0	0	0	0	0	0	0	0	0	0	0.0	0.0	0.0	-1.0	128	364	0	50
1324043	203	81	10	297	133	286	179	116	248	45	0	0	0	0	0	0	0	0	0	0	0	0	0	0	0	0	0.0	0.0	0.30196083	-1.0	128	364	0	65
1324078	49	641	10	297	133	286	179	116	248	45	0	0	0	0	0	0	0	0	0	0	0	0	0	0	0	0	0.0	0.0	0.32549024	-1.0	128	364	0	66
1324110	235	668	10	297	133	286	179	116	248	45	0	0	0	0	0	0	0	0	0	0	0	0	0	0	0	0	0.0	0.0	0.254902	-1.0	128	364	0	62
1324142	211	-3	10	297	133	286	179	116	248	45	0	0	0	0	0	0	0	0	0	0	0	0	0	0	0	0	0.0	0.0	0.0	-1.0	128	364	0	50
1324179	119	-206	10	297	133	286	179	116	248	45	0	0	0	0	0	0	0	0	0	0	0	0	0	0	0	0	0.0	0.0	0.0	-1.0	128	364	0	50
1324209	379	419	10	297	133	286	179	116	248	45	0	0	0	0	0	0	0	0	0	0	0	0	0	0	0	0	0.0	0.0	0.0	-0.9607843	128	364	0	48
1324245	-124	177	10	297	133	286	179	116	248	45	0	0	0	0	0	0	0	0	0	0	0	0	0	0	0	0	0.0	0.0	0.0	-0.84313726	128	364	0	42
1324278	-237	251	10	297	133	286	179	116	248	45	0	0	0	0	0	0	0	0	0	0	0	0	0	0	0	0	0.0	0.0	0.0	-0.6	128	364	0	30
1326475	266	448	10	297	133	286	179	116	248	45	0	0	0	0	0	0	0	0	0	0	0	0	0	0	0	0	0.0	0.0	-0.26274508	0.41176474	128	364	0	-34
1326509	205	284	10	297	133	286	179	116	248	45	0	0	0	0	0	0	0	0	0	0	0	0	0	0	0	0	0.0	0.0	-0.41176468	0.7019608	128	364	0	-56
1326542	298	340	10	297	133	286	179	116	248	45	0	0	0	0	0	0	0	0	0	0	0	0	0	0	0	0	0.0	0.0	-0.7411765	1.0	128	364	0	-88
1326575	123	201	10	297	133	286	179	116	248	45	0	0	0	0	0	0	0	0	0	0	0	0	0	0	0	0	0.0	0.0	-0.94509804	1.0	128	364	0	-98
1326609	136	572	10	297	133	286	179	116	248	45	0	0	0	0	0	0	0	0	0	0	0	0	0	0	0	0	0.0	0.0	-1.0	1.0	128	364	0	-100
1326642	365	878	10	297	133	286	179	116	248	45	0	0	0	0	0	0	0	0	0	0	0	0	0	0	0	0	0.0	0.0	-1.0	1.0	128	364	0	-100
1326675	9	388	10	297	133	286	179	116	248	45	0	0	0	0	0	0	0	0	0	0	0	0	0	0	0	0	0.0	0.0	-1.0	1.0	128	364	0	-100
1326710	-115	101	10	297	133	286	179	116	248	45	0	0	0	0	0	0	0	0	0	0	0	0	0	0	0	0	0.0	0.0	-1.0	1.0	128	364	0	-100
1326743	73	310	10	297	133	286	179	116	248	45	0	0	0	0	0	0	0	0	0	0	0	0	0	0	0	0	0.0	0.0	-1.0	1.0	128	364	0	-100
1326775	141	-306	10	297	133	286	179	116	248	45	0	0	0	0	0	0	0	0	0	0	0	0	0	0	0	0	0.0	0.0	-1.0	1.0	128	364	0	-100
1326809	173	432	10	297	133	286	179	116	248	45	0	0	0	0	0	0	0	0	0	0	0	0	0	0	0	0	0.0	0.0	-1.0	1.0	128	364	0	-100
1326843	214	432	10	297	133	286	179	116	248	45	0	0	0	0	0	0	0	0	0	0	0	0	0	0	0	0	0.0	0.0	-1.0	1.0	128	364	0	-100
1326878	341	621	10	297	133	286	179	116	248	45	0	0	0	0	0	0	0	0	0	0	0	0	0	0	0	0	0.0	0.0	-1.0	1.0	128	364	0	-100
1326908	205	56	10	297	133	286	179	116	248	45	0	0	0	0	0	0	0	0	0	0	0	0	0	0	0	0	0.0	0.0	-1.0	1.0	128	364	0	-100
1326943	202	279	10	297	133	286	179	116	248	45	0	0	0	0	0	0	0	0	0	0	0	0	0	0	0	0	0.0	0.0	-0.8666667	0.7176471	128	364	0	-80
1326974	98	642	10	297	133	286	179	116	248	45	0	0	0	0	0	0	0	0	0	0	0	0	0	0	0	0	0.0	0.0	-0.52156866	0.5058824	128	364	0	-52
1327008	-147	373	10	297	133	286	179	116	248	45	0	0	0	0	0	0	0	0	0	0	0	0	0	0	0	0	0.0	0.0	-0.4588235	0.48235297	128	364	0	-48
1327044	160	761	10	297	133	286	179	116	248	45	0	0	0	0	0	0	0	0	0	0	0	0	0	0	0	0	0.0	0.0	-0.40392154	0.4039216	128	364	0	-41
1327074	75	790	10	297	133	286	179	116	248	45	0	0	0	0	0	0	0	0	0	0	0	0	0	0	0	0	0.0	0.0	-0.27843136	0.28627455	128	364	0	-29
1339472	242	-350	10	297	133	286	179	116	248	45	0	0	0	0	0	0	0	0	0	1	0	0	0	0	0	0	0.0	0.0	0.0	0.0	128	364	0	0
