millis	xpos	ypos	sX	sY	dpX	dpY	red	green	blue	opacity	A1	A2	A3	A4	L1	R1	L2	R2	S1	S2	M1	M2	up	down	left	right	anlgX	anlgY	anlgU	anlgV	x_mean	y_mean	joy1_int	joy2_int
1247506	630	400	192	199	0	0	131	253	224	255	0	0	0	0	0	0	0	0	1	0	0	0	0	0	0	0	0.0	0.0	0.0	0.0	630	400	0	0
1253344	630	400	192	199	0	0	131	253	224	255	0	0	0	0	0	0	0	0	0	0	0	0	0	0	0	0	0.17647064	0.0	0.0	0.0	630	400	8	0
1253375	630	400	192	199	0	0	131	253	224	255	0	0	0	0	0	0	0	0	0	0	0	0	0	0	0	0	0.45098042	-0.38039213	0.0	0.0	630	400	41	0
1253406	630	400	192	199	0	0	131	253	224	255	0	0	0	0	0	0	0	0	0	0	0	0	0	0	0	0	0.79607844	-0.81960785	0.0	0.0	630	400	80	0
1253440	630	400	192	199	0	0	131	253	224	255	0	0	0	0	0	0	0	0	0	0	0	0	0	0	0	0	1.0	-1.0	0.0	0.0	630	400	100	0
1253474	630	400	192	199	0	0	131	253	224	255	0	0	0	0	0	0	0	0	0	0	0	0	0	0	0	0	1.0	-1.0	0.0	0.0	630	400	100	0
1253509	630	400	192	199	0	0	131	253	224	255	0	0	0	0	0	0	0	0	0	0	0	0	0	0	0	0	1.0	-1.0	0.0	0.0	630	400	100	0
1253539	630	400	192	199	0	0	131	253	224	255	0	0	0	0	0	0	0	0	0	0	0	0	0	0	0	0	1.0	-1.0	0.0	0.0	630	400	100	0
1253573	630	400	192	199	0	0	131	253	224	255	0	0	0	0	0	0	0	0	0	0	0	0	0	0	0	0	1.0	-1.0	0.0	0.0	630	400	100	0
1253606	630	400	192	199	0	0	131	253	224	255	0	0	0	0	0	0	0	0	0	0	0	0	0	0	0	0	1.0	-1.0	0.0	0.0	630	400	100	0
1253640	630	400	192	199	0	0	131	253	224	255	0	0	0	0	0	0	0	0	0	0	0	0	0	0	0	0	1.0	-1.0	0.0	0.0	630	400	100	0
1253677	630	400	192	199	0	0	131	253	224	255	0	0	0	0	0	0	0	0	0	0	0	0	0	0	0	0	1.0	-1.0	0.0	0.0	630	400	100	0
1253708	630	400	192	199	0	0	131	253	224	255	0	0	0	0	0	0	0	0	0	0	0	0	0	0	0	0	1.0	-1.0	0.0	0.0	630	400	100	0
1253740	630	400	192	199	0	0	131	253	224	255	0	0	0	0	0	0	0	0	0	0	0	0	0	0	0	0	1.0	-1.0	0.0	0.0	630	400	100	0
1253772	630	400	192	199	0	0	131	253	224	255	0	0	0	0	0	0	0	0	0	0	0	0	0	0	0	0	1.0	-1.0	0.0	0.0	630	400	100	0
1253805	630	400	192	199	0	0	131	253	224	255	0	0	0	0	0	0	0	0	0	0	0	0	0	0	0	0	1.0	-1.0	0.0	0.0	630	400	100	0
1253839	630	400	192	199	0	0	131	253	224	255	0	0	0	0	0	0	0	0	0	0	0	0	0	0	0	0	1.0	-1.0	0.0	0.0	630	400	100	0
1253875	630	400	192	199	0	0	131	253	224	255	0	0	0	0	0	0	0	0	0	0	0	0	0	0	0	0	1.0	-0.88235295	0.0	0.0	630	400	94	0
1253906	630	400	192	199	0	0	131	253	224	255	0	0	0	0	0	0	0	0	0	0	0	0	0	0	0	0	0.5921569	-0.60784316	0.0	0.0	630	400	60	0
1255444	630	400	192	199	0	0	131	253	224	255	0	0	0	0	0	0	0	1	0	0	0	0	0	0	0	0	0.0	0.0	0.0	0.0	630	400	0	0
1255475	630	400	192	199	0	0	131	253	224	255	0	0	0	0	0	0	0	1	0	0	0	0	0	0	0	0	0.0	0.0	0.0	0.0	630	400	0	0
1255506	630	400	192	199	0	0	131	253	224	255	0	0	0	0	0	0	0	1	0	0	0	0	0	0	0	0	0.0	0.0	0.0	0.0	630	400	0	0
1255543	630	400	192	199	0	0	131	253	224	255	0	0	0	0	0	0	0	1	0	0	0	0	0	0	0	0	0.0	0.0	0.0	0.0	630	400	0	0
1255576	630	400	192	199	0	0	131	253	224	255	0	0	0	0	0	0	0	1	0	0	0	0	0	0	0	1	0.0	0.0	0.0	0.0	660	400	0	0
1255610	660	400	192	199	0	0	131	253	224	255	0	0	0	0	0	0	0	1	0	0	0	0	0	0	0	1	0.0	0.0	0.0	0.0	690	400	0	0
1255642	690	400	192	199	0	0	131	253	224	255	0	0	0	0	0	0	0	1	0	0	0	0	0	0	0	1	0.0	0.0	0.0	0.0	720	400	0	0
1255676	720	400	192	199	0	0	131	253	224	255	0	0	0	0	0	0	0	1	0	0	0	0	0	0	0	1	0.0	0.0	0.0	0.0	750	400	0	0
1255709	750	400	192	199	0	0	131	253	224	255	0	0	0	0	0	0	0	1	0	0	0	0	0	0	0	1	0.0	0.0	0.0	0.0	780	400	0	0
1255743	780	400	192	199	0	0	131	253	224	255	0	0	0	0	0	0	0	1	0	0	0	0	0	0	0	1	0.0	0.0	0.0	0.0	810	400	0	0
1255776	810	400	192	199	0	0	131	253	224	255	0	0	0	0	0	0	0	1	0	0	0	0	0	0	0	1	0.0	0.0	0.0	0.0	840	400	0	0
1255809	840	400	192	199	0	0	131	253	224	255	0	0	0	0	0	0	0	1	0	0	0	0	0	0	0	1	0.0	0.0	0.0	0.0	870	400	0	0
1255842	870	400	192	199	0	0	131	253	224	255	0	0	0	0	0	0	0	1	0	0	0	0	0	0	0	1	0.0	0.0	0.0	0.0	900	400	0	0
1255876	900	400	192	199	0	0	131	253	224	255	0	0	0	0	0	0	0	1	0	0	0	0	0	0	0	1	0.0	0.0	0.0	0.0	930	400	0	0
1255909	930	400	192	199	0	0	131	253	224	255	0	0	0	0	0	0	0	1	0	0	0	0	0	0	0	1	0.0	0.0	0.0	0.0	960	400	0	0
1255942	960	400	192	199	0	0	131	253	224	255	0	0	0	0	0	0	0	1	0	0	0	0	0	0	0	0	0.0	0.0	0.0	0.0	960	400	0	0
1255975	960	400	192	199	0	0	131	253	224	255	0	0	0	0	0	0	0	1	0	0	0	0	0	0	0	0	0.0	0.0	0.0	0.0	960	400	0	0
1256008	960	400	192	199	0	0	131	253	224	255	0	0	0	0	0	0	0	1	0	0	0	0	0	0	0	0	0.0	0.0	0.0	0.0	960	400	0	0
1256042	960	400	192	199	0	0	131	253	224	255	0	0	0	0	0	0	0	1	0	0	0	0	0	0	0	0	0.0	0.0	0.0	0.0	960	400	0	0
1256075	960	400	192	199	0	0	131	253	224	255	0	0	0	0	0	0	0	1	0	0	0	0	0	0	0	0	0.0	0.0	0.0	0.0	960	400	0	0
1256109	960	400	192	199	0	0	131	253	224	255	0	0	0	0	0	0	0	1	0	0	0	0	0	0	0	0	0.0	0.0	0.0	0.0	960	400	0	0
1256141	960	400	192	199	0	0	131	253	224	255	0	0	0	0	0	0	0	1	0	0	0	0	0	0	0	0	0.0	0.0	0.0	0.0	960	400	0	0
1256175	960	400	192	199	0	0	131	253	224	255	0	0	0	0	0	0	0	1	0	0	0	0	0	0	0	0	0.0	0.0	0.0	0.0	960	400	0	0
1256208	960	400	192	199	0	0	131	253	224	255	0	0	0	0	0	0	0	1	0	0	0	0	0	0	0	0	0.0	0.0	0.0	0.0	960	400	0	0
1256242	960	400	192	199	0	0	131	253	224	255	0	0	0	0	0	0	0	1	0	0	0	0	0	0	0	0	0.0	0.0	0.0	0.0	960	400	0	0
1256275	960	400	192	199	0	0	131	253	224	255	0	0	0	0	0	0	0	1	0	0	0	0	0	0	0	0	0.0	0.0	0.0	0.0	960	400	0	0
1256308	960	400	192	199	0	0	131	253	224	255	0	0	0	0	0	0	0	1	0	0	0	0	0	0	0	0	0.0	0.0	0.0	0.0	960	400	0	0
1256341	960	400	192	199	0	0	131	253	224	255	0	0	0	0	0	0	0	1	0	0	0	0	0	0	0	0	0.0	0.0	0.0	0.0	960	400	0	0
1256375	960	400	192	199	0	0	131	253	224	255	0	0	0	0	0	0	0	1	0	0	0	0	0	0	0	0	0.0	0.0	0.0	0.0	960	400	0	0
1256408	960	400	192	199	0	0	131	253	224	255	0	0	0	0	0	0	0	1	0	0	0	0	0	0	0	0	0.0	0.0	0.0	0.0	960	400	0	0
1256441	960	400	192	199	0	0	131	253	224	255	0	0	0	0	0	0	0	1	0	0	0	0	0	0	0	0	0.0	0.0	0.0	0.0	960	400	0	0
1256474	960	400	192	199	0	0	131	253	224	255	0	0	0	0	0	0	0	1	0	0	0	0	0	0	0	0	0.0	0.0	0.0	0.0	960	400	0	0
1256508	960	400	192	199	0	0	131	253	224	255	0	0	0	0	0	0	0	1	0	0	0	0	0	0	0	0	0.0	0.0	0.0	0.0	960	400	0	0
1256542	960	400	192	199	0	0	131	253	224	255	0	0	0	0	0	0	0	1	0	0	0	0	0	0	0	0	0.0	0.0	0.0	0.0	960	400	0	0
1256574	960	400	192	199	0	0	131	253	224	255	0	0	0	0	0	0	0	1	0	0	0	0	0	0	0	0	0.0	0.0	0.0	0.0	960	400	0	0
1256607	960	400	192	199	0	0	131	253	224	255	0	0	0	0	0	0	0	1	0	0	0	0	0	0	0	0	0.0	0.0	0.0	0.0	960	400	0	0
1256640	960	400	192	199	0	0	131	253	224	255	0	0	0	0	0	0	0	1	0	0	0	0	0	0	0	0	0.0	0.0	0.0	0.0	960	400	0	0
1256674	960	400	192	199	0	0	131	253	224	255	0	0	0	0	0	0	0	1	0	0	0	0	0	0	0	0	0.0	0.0	0.0	0.0	960	400	0	0
1256707	960	400	192	199	0	0	131	253	224	255	0	0	0	0	0	0	0	1	0	0	0	0	0	0	0	0	0.0	0.0	0.0	0.0	960	400	0	0
1256743	960	400	192	199	0	0	131	253	224	255	0	0	0	0	0	0	0	1	0	0	0	0	0	0	0	0	0.0	0.0	0.0	0.0	960	400	0	0
1256773	960	400	192	199	0	0	131	253	224	255	0	0	0	0	0	0	0	1	0	0	0	0	0	0	0	0	0.0	0.0	0.0	0.0	960	400	0	0
1256807	960	400	192	199	0	0	131	253	224	255	0	0	0	0	0	0	0	1	0	0	0	0	0	0	0	0	0.0	0.0	0.0	0.0	960	400	0	0
1256839	960	400	192	199	0	0	131	253	224	255	0	0	0	0	0	0	0	1	0	0	0	0	0	0	0	0	0.0	0.0	0.0	0.0	960	400	0	0
1256873	960	400	192	199	0	0	131	253	224	255	0	0	0	0	0	0	0	1	0	0	0	0	0	0	0	0	0.0	0.0	0.0	0.0	960	400	0	0
1256907	960	400	192	199	0	0	131	253	224	255	0	0	0	0	0	0	0	1	0	0	0	0	0	0	0	0	0.0	0.0	0.0	0.0	960	400	0	0
1256940	960	400	192	199	0	0	131	253	224	255	0	0	0	0	0	0	0	1	0	0	0	0	0	0	0	0	0.0	0.0	0.0	0.0	960	400	0	0
1256973	960	400	192	199	0	0	131	253	224	255	0	0	0	0	0	0	0	1	0	0	0	0	0	0	0	0	0.0	0.0	0.0	0.0	960	400	0	0
1257006	960	400	192	199	0	0	131	253	224	255	0	0	0	0	0	0	0	1	0	0	0	0	0	0	0	0	0.0	0.0	0.0	0.0	960	400	0	0
1257040	960	400	192	199	0	0	131	253	224	255	0	0	0	0	0	0	0	1	0	0	0	0	0	0	0	0	0.0	0.0	0.0	0.0	960	400	0	0
1257072	960	400	192	199	0	0	131	253	224	255	0	0	0	0	0	0	0	1	0	0	0	0	0	0	0	0	0.0	0.0	0.0	0.0	960	400	0	0
1257106	960	400	192	199	0	0	131	253	224	255	0	0	0	0	0	0	0	1	0	0	0	0	0	0	0	0	0.0	0.0	0.0	0.0	960	400	0	0
1257139	960	400	192	199	0	0	131	253	224	255	0	0	0	0	0	0	0	1	0	0	0	0	0	0	0	0	0.0	0.0	0.0	0.0	960	400	0	0
1257173	960	400	192	199	0	0	131	253	224	255	0	0	0	0	0	0	0	1	0	0	0	0	0	0	0	0	0.0	0.0	0.0	0.0	960	400	0	0
1257206	960	400	192	199	0	0	131	253	224	255	0	0	0	0	0	0	0	1	0	0	0	0	0	0	0	0	0.0	0.0	0.0	0.0	960	400	0	0
1257239	960	400	192	199	0	0	131	253	224	255	0	0	0	0	0	0	0	1	0	0	0	0	0	0	0	0	0.0	0.0	0.0	0.0	960	400	0	0
1257275	960	400	192	199	0	0	131	253	224	255	0	0	0	0	0	0	0	1	0	0	0	0	0	0	0	0	0.0	0.0	0.0	0.0	960	400	0	0
1257309	960	400	192	199	0	0	131	253	224	255	0	0	0	0	0	0	0	1	0	0	0	0	0	0	0	0	0.0	0.0	0.0	0.0	960	400	0	0
1257343	960	400	192	199	0	0	131	253	224	255	0	0	0	0	0	0	0	1	0	0	0	0	0	0	0	0	0.0	0.0	0.0	0.0	960	400	0	0
1257372	960	400	192	199	0	0	131	253	224	255	0	0	0	0	0	0	0	1	0	0	0	0	0	0	0	0	0.0	0.0	0.0	0.0	960	400	0	0
1257410	960	400	192	199	0	0	131	253	224	255	0	0	0	0	0	0	0	1	0	0	0	0	0	0	0	0	0.0	0.0	0.0	0.0	960	400	0	0
1257439	960	400	192	199	0	0	131	253	224	255	0	0	0	0	0	0	0	1	0	0	0	0	0	0	0	0	0.0	0.0	0.0	0.0	960	400	0	0
1257472	960	400	192	199	0	0	131	253	224	255	0	0	0	0	0	0	0	1	0	0	0	0	0	0	0	0	0.0	0.0	0.0	0.0	960	400	0	0
1257505	960	400	192	199	0	0	131	253	224	255	0	0	0	0	0	0	0	1	0	0	0	0	0	0	0	0	0.0	0.0	0.0	0.0	960	400	0	0
1257539	960	400	192	199	0	0	131	253	224	255	0	0	0	0	0	0	0	1	0	0	0	0	0	0	0	0	0.0	0.0	0.0	0.0	960	400	0	0
1257572	960	400	192	199	0	0	131	253	224	255	0	0	0	0	0	0	0	1	0	0	0	0	0	0	0	0	0.0	0.0	0.0	0.0	960	400	0	0
1257605	960	400	192	199	0	0	131	253	224	255	0	0	0	0	0	0	0	1	0	0	0	0	0	0	0	0	0.0	0.0	0.0	0.0	960	400	0	0
1257638	960	400	192	199	0	0	131	253	224	255	0	0	0	0	0	0	0	1	0	0	0	0	0	0	0	0	0.0	0.0	0.0	0.0	960	400	0	0
1257671	960	400	192	199	0	0	131	253	224	255	0	0	0	0	0	0	0	1	0	0	0	0	0	0	0	0	0.0	0.0	0.0	0.0	960	400	0	0
1257710	960	400	192	199	0	0	131	253	224	255	0	0	0	0	0	0	0	1	0	0	0	0	0	0	0	0	0.0	0.0	0.0	0.0	960	400	0	0
1257739	960	400	192	199	0	0	131	253	224	255	0	0	0	0	0	0	0	1	0	0	0	0	0	0	0	0	0.0	0.0	0.0	0.0	960	400	0	0
1257777	960	400	192	199	0	0	131	253	224	255	0	0	0	0	0	0	0	1	0	0	0	0	0	0	0	0	0.0	0.0	0.0	0.0	960	400	0	0
1257810	960	400	192	199	0	0	131	253	224	255	0	0	0	0	0	0	0	1	0	0	0	0	0	0	0	0	0.0	0.0	0.0	0.0	960	400	0	0
1257844	960	400	192	199	0	0	131	253	224	255	0	0	0	0	0	0	0	1	0	0	0	0	0	0	0	0	0.0	0.0	0.0	0.0	960	400	0	0
1257872	960	400	192	199	0	0	131	253	224	255	0	0	0	0	0	0	0	1	0	0	0	0	0	0	0	0	0.0	0.0	0.0	0.0	960	400	0	0
1257905	960	400	192	199	0	0	131	253	224	255	0	0	0	0	0	0	0	1	0	0	0	0	0	0	0	0	0.0	0.0	0.0	0.0	960	400	0	0
1257944	960	400	192	199	0	0	131	253	224	255	0	0	0	0	0	0	0	1	0	0	0	0	0	0	0	0	0.0	0.0	0.0	0.0	960	400	0	0
1257974	960	400	192	199	0	0	131	253	224	255	0	0	0	0	0	0	0	1	0	0	0	0	0	0	0	0	0.0	0.0	0.0	0.0	960	400	0	0
1258005	960	400	192	199	0	0	131	253	224	255	0	0	0	0	0	0	0	1	0	0	0	0	0	0	0	0	0.0	0.0	0.0	0.0	960	400	0	0
1258040	960	400	192	199	0	0	131	253	224	255	0	0	0	0	0	0	0	1	0	0	0	0	0	0	0	0	0.0	0.0	0.0	0.0	960	400	0	0
1258075	960	400	192	199	0	0	131	253	224	255	0	0	0	0	0	0	0	1	0	0	0	0	0	0	0	0	0.0	0.0	0.0	0.0	960	400	0	0
1258106	960	400	192	199	0	0	131	253	224	255	0	0	0	0	0	0	0	1	0	0	0	0	0	0	0	0	0.0	0.0	0.0	0.0	960	400	0	0
1258141	960	400	192	199	0	0	131	253	224	255	0	0	0	0	0	0	0	1	0	0	0	0	0	0	0	0	0.0	0.0	0.0	0.0	960	400	0	0
1258175	960	400	192	199	0	0	131	253	224	255	0	0	0	0	0	0	0	1	0	0	0	0	0	0	0	0	0.0	0.0	0.0	0.0	960	400	0	0
1258206	960	400	192	199	0	0	131	253	224	255	0	0	0	0	0	0	0	1	0	0	0	0	0	0	0	0	0.0	0.0	0.0	0.0	960	400	0	0
1258244	960	400	192	199	0	0	131	253	224	255	0	0	0	0	0	0	0	1	0	0	0	0	0	0	0	0	0.0	0.0	0.0	0.0	960	400	0	0
1258277	960	400	192	199	0	0	131	253	224	255	0	0	0	0	0	0	0	1	0	0	0	0	0	0	0	0	0.0	0.0	0.0	0.0	960	400	0	0
1258309	960	400	192	199	0	0	131	253	224	255	0	0	0	0	0	0	0	1	0	0	0	0	0	0	0	0	0.0	0.0	0.0	0.0	960	400	0	0
1258339	960	400	192	199	0	0	131	253	224	255	0	0	0	0	0	0	0	1	0	0	0	0	0	0	0	0	0.0	0.0	0.0	0.0	960	400	0	0
1258376	960	400	192	199	0	0	131	253	224	255	0	0	0	0	0	0	0	1	0	0	0	0	0	0	0	1	0.0	0.0	0.0	0.0	990	400	0	0
1258405	990	400	192	199	0	0	131	253	224	255	0	0	0	0	0	0	0	1	0	0	0	0	0	0	0	1	0.0	0.0	0.0	0.0	1020	400	0	0
1258442	1020	400	192	199	0	0	131	253	224	255	0	0	0	0	0	0	0	1	0	0	0	0	0	0	0	1	0.0	0.0	0.0	0.0	1050	400	0	0
1258475	1050	400	192	199	0	0	131	253	224	255	0	0	0	0	0	0	0	1	0	0	0	0	0	0	0	1	0.0	0.0	0.0	0.0	1080	400	0	0
1258506	1080	400	192	199	0	0	131	253	224	255	0	0	0	0	0	0	0	1	0	0	0	0	0	0	0	0	0.0	0.0	0.0	0.0	1080	400	0	0
1258543	1080	400	192	199	0	0	131	253	224	255	0	0	0	0	0	0	0	1	0	0	0	0	0	0	0	0	0.0	0.0	0.0	0.0	1080	400	0	0
1258577	1080	400	192	199	0	0	131	253	224	255	0	0	0	0	0	0	0	1	0	0	0	0	0	0	0	0	0.0	0.0	0.0	0.0	1080	400	0	0
1258605	1080	400	192	199	0	0	131	253	224	255	0	0	0	0	0	0	0	1	0	0	0	0	0	0	0	0	0.0	0.0	0.0	0.0	1080	400	0	0
1258643	1080	400	192	199	0	0	131	253	224	255	0	0	0	0	0	0	0	1	0	0	0	0	0	0	0	0	0.0	0.0	0.0	0.0	1080	400	0	0
1258675	1080	400	192	199	0	0	131	253	224	255	0	0	0	0	0	0	0	1	0	0	0	0	0	0	0	0	0.0	0.0	0.0	0.0	1080	400	0	0
1258710	1080	400	192	199	0	0	131	253	224	255	0	0	0	0	0	0	0	1	0	0	0	0	0	0	0	0	0.0	0.0	0.0	0.0	1080	400	0	0
1258743	1080	400	192	199	0	0	131	253	224	255	0	0	0	0	0	0	0	1	0	0	0	0	0	0	0	0	0.0	0.0	0.0	0.0	1080	400	0	0
1258776	1080	400	192	199	0	0	131	253	224	255	0	0	0	0	0	0	0	1	0	0	0	0	0	0	0	0	0.0	0.0	0.0	0.0	1080	400	0	0
1258810	1080	400	192	199	0	0	131	253	224	255	0	0	0	0	0	0	0	1	0	0	0	0	0	0	0	0	0.0	0.0	0.0	0.0	1080	400	0	0
1258839	1080	400	192	199	0	0	131	253	224	255	0	0	0	0	0	0	0	1	0	0	0	0	0	0	0	0	0.0	0.0	0.0	0.0	1080	400	0	0
1258871	1080	400	192	199	0	0	131	253	224	255	0	0	0	0	0	0	0	1	0	0	0	0	0	0	0	0	0.0	0.0	0.0	0.0	1080	400	0	0
1258909	1080	400	192	199	0	0	131	253	224	255	0	0	0	0	0	0	0	1	0	0	0	0	0	0	1	0	0.0	0.0	0.0	0.0	1050	400	0	0
1258943	1050	400	192	199	0	0	131	253	224	255	0	0	0	0	0	0	0	1	0	0	0	0	0	0	1	0	0.0	0.0	0.0	0.0	1020	400	0	0
1258976	1020	400	192	199	0	0	131	253	224	255	0	0	0	0	0	0	0	1	0	0	0	0	0	0	1	0	0.0	0.0	0.0	0.0	990	400	0	0
1259009	990	400	192	199	0	0	131	253	224	255	0	0	0	0	0	0	0	1	0	0	0	0	0	0	0	0	0.0	0.0	0.0	0.0	990	400	0	0
1259043	990	400	192	199	0	0	131	253	224	255	0	0	0	0	0	0	0	1	0	0	0	0	0	0	0	0	0.0	0.0	0.0	0.0	990	400	0	0
1259076	990	400	192	199	0	0	131	253	224	255	0	0	0	0	0	0	0	1	0	0	0	0	0	0	0	0	0.0	0.0	0.0	0.0	990	400	0	0
1259109	990	400	192	199	0	0	131	253	224	255	0	0	0	0	0	0	0	1	0	0	0	0	0	0	0	0	0.0	0.0	0.0	0.0	990	400	0	0
1259142	990	400	192	199	0	0	131	253	224	255	0	0	0	0	0	0	0	1	0	0	0	0	0	0	0	0	0.0	0.0	0.0	0.0	990	400	0	0
1259176	990	400	192	199	0	0	131	253	224	255	0	0	0	0	0	0	0	1	0	0	0	0	0	0	0	0	0.0	0.0	0.0	0.0	990	400	0	0
1259209	990	400	192	199	0	0	131	253	224	255	0	0	0	0	0	0	0	1	0	0	0	0	0	0	0	0	0.0	0.0	0.0	0.0	990	400	0	0
1259242	990	400	192	199	0	0	131	253	224	255	0	0	0	0	0	0	0	1	0	0	0	0	0	0	0	0	0.0	0.0	0.0	0.0	990	400	0	0
1259275	990	400	192	199	0	0	131	253	224	255	0	0	0	0	0	0	0	1	0	0	0	0	0	0	0	0	0.0	0.0	0.0	0.0	990	400	0	0
1259309	990	400	192	199	0	0	131	253	224	255	0	0	0	0	0	0	0	1	0	0	0	0	0	0	0	0	0.0	0.0	0.0	0.0	990	400	0	0
1259342	990	400	192	199	0	0	131	253	224	255	0	0	0	0	0	0	0	1	0	0	0	0	0	0	0	0	0.0	0.0	0.0	0.0	990	400	0	0
1259376	990	400	192	199	0	0	131	253	224	255	0	0	0	0	0	0	0	1	0	0	0	0	0	0	0	0	0.0	0.0	0.0	0.0	990	400	0	0
1259675	990	400	192	199	0	0	131	253	224	255	0	0	0	0	0	0	0	0	0	0	0	0	0	0	0	0	0.22352946	0.0	0.0	0.0	990	400	11	0
1259707	990	400	192	199	0	0	131	253	224	255	0	0	0	0	0	0	0	0	0	0	0	0	0	0	0	0	0.4431373	-0.30196077	0.0	0.0	990	400	37	0
1259741	990	400	192	199	0	0	131	253	224	255	0	0	0	0	0	0	0	0	0	0	0	0	0	0	0	0	0.7490196	-0.70980394	0.0	0.0	990	400	72	0
1259774	990	400	192	199	0	0	131	253	224	255	0	0	0	0	0	0	0	0	0	0	0	0	0	0	0	0	1.0	-1.0	0.0	0.0	990	400	100	0
1259808	990	400	192	199	0	0	131	253	224	255	0	0	0	0	0	0	0	0	0	0	0	0	0	0	0	0	1.0	-1.0	0.0	0.0	990	400	100	0
1259841	990	400	192	199	0	0	131	253	224	255	0	0	0	0	0	0	0	0	0	0	0	0	0	0	0	0	1.0	-1.0	0.0	0.0	990	400	100	0
1259874	990	400	192	199	0	0	131	253	224	255	0	0	0	0	0	0	0	0	0	0	0	0	0	0	0	0	1.0	-1.0	0.0	0.0	990	400	100	0
1259908	990	400	192	199	0	0	131	253	224	255	0	0	0	0	0	0	0	0	0	0	0	0	0	0	0	0	1.0	-1.0	0.0	0.0	990	400	100	0
1259942	990	400	192	199	0	0	131	253	224	255	0	0	0	0	0	0	0	0	0	0	0	0	0	0	0	0	1.0	-1.0	0.0	0.0	990	400	100	0
1259974	990	400	192	199	0	0	131	253	224	255	0	0	0	0	0	0	0	0	0	0	0	0	0	0	0	0	1.0	-1.0	0.0	0.0	990	400	100	0
1260007	990	400	192	199	0	0	131	253	224	255	0	0	0	0	0	0	0	0	0	0	0	0	0	0	0	0	1.0	-1.0	0.0	0.0	990	400	100	0
1260041	990	400	192	199	0	0	131	253	224	255	0	0	0	0	0	0	0	0	0	0	0	0	0	0	0	0	1.0	-1.0	0.0	0.0	990	400	100	0
1260074	990	400	192	199	0	0	131	253	224	255	0	0	0	0	0	0	0	0	0	0	0	0	0	0	0	0	1.0	-1.0	0.0	0.0	990	400	100	0
1260107	990	400	192	199	0	0	131	253	224	255	0	0	0	0	0	0	0	0	0	0	0	0	0	0	0	0	1.0	-1.0	0.0	0.0	990	400	100	0
1260140	990	400	192	199	0	0	131	253	224	255	0	0	0	0	0	0	0	0	0	0	0	0	0	0	0	0	1.0	-1.0	0.0	0.0	990	400	100	0
1260174	990	400	192	199	0	0	131	253	224	255	0	0	0	0	0	0	0	0	0	0	0	0	0	0	0	0	1.0	-1.0	0.0	0.0	990	400	100	0
1260207	990	400	192	199	0	0	131	253	224	255	0	0	0	0	0	0	0	0	0	0	0	0	0	0	0	0	1.0	-1.0	0.0	0.0	990	400	100	0
1260240	990	400	192	199	0	0	131	253	224	255	0	0	0	0	0	0	0	0	0	0	0	0	0	0	0	0	1.0	-1.0	0.0	0.0	990	400	100	0
1260273	990	400	192	199	0	0	131	253	224	255	0	0	0	0	0	0	0	0	0	0	0	0	0	0	0	0	1.0	-1.0	0.0	0.0	990	400	100	0
1260307	990	400	192	199	0	0	131	253	224	255	0	0	0	0	0	0	0	0	0	0	0	0	0	0	0	0	1.0	-1.0	0.0	0.0	990	400	100	0
1260340	990	400	192	199	0	0	131	253	224	255	0	0	0	0	0	0	0	0	0	0	0	0	0	0	0	0	0.8117647	-1.0	0.0	0.0	990	400	90	0
1260706	990	400	192	199	0	0	131	253	224	255	0	0	0	0	0	0	0	1	0	0	0	0	0	0	0	0	0.0	0.0	0.0	0.0	990	400	0	0
1260744	990	400	192	199	0	0	131	253	224	255	0	0	0	0	0	0	0	1	0	0	0	0	0	0	0	0	0.0	0.0	0.0	0.0	990	400	0	0
1260773	990	400	192	199	0	0	131	253	224	255	0	0	0	0	0	0	0	1	0	0	0	0	0	0	0	0	0.0	0.0	0.0	0.0	990	400	0	0
1260809	990	400	192	199	0	0	131	253	224	255	0	0	0	0	0	0	0	1	0	0	0	0	0	0	0	0	0.0	0.0	0.0	0.0	990	400	0	0
1260843	990	400	192	199	0	0	131	253	224	255	0	0	0	0	0	0	0	1	0	0	0	0	0	0	0	0	0.0	0.0	0.0	0.0	990	400	0	0
1260872	990	400	192	199	0	0	131	253	224	255	0	0	0	0	0	0	0	1	0	0	0	0	0	0	1	0	0.0	0.0	0.0	0.0	960	400	0	0
1260906	960	400	192	199	0	0	131	253	224	255	0	0	0	0	0	0	0	1	0	0	0	0	0	0	1	0	0.0	0.0	0.0	0.0	930	400	0	0
1260943	930	400	192	199	0	0	131	253	224	255	0	0	0	0	0	0	0	1	0	0	0	0	0	0	1	0	0.0	0.0	0.0	0.0	900	400	0	0
1260974	900	400	192	199	0	0	131	253	224	255	0	0	0	0	0	0	0	1	0	0	0	0	0	0	1	0	0.0	0.0	0.0	0.0	870	400	0	0
1261010	870	400	192	199	0	0	131	253	224	255	0	0	0	0	0	0	0	1	0	0	0	0	0	0	1	0	0.0	0.0	0.0	0.0	840	400	0	0
1261040	840	400	192	199	0	0	131	253	224	255	0	0	0	0	0	0	0	1	0	0	0	0	0	0	1	0	0.0	0.0	0.0	0.0	810	400	0	0
1261072	810	400	192	199	0	0	131	253	224	255	0	0	0	0	0	0	0	1	0	0	0	0	0	0	1	0	0.0	0.0	0.0	0.0	780	400	0	0
1261109	780	400	192	199	0	0	131	253	224	255	0	0	0	0	0	0	0	1	0	0	0	0	0	0	1	0	0.0	0.0	0.0	0.0	750	400	0	0
1261141	750	400	192	199	0	0	131	253	224	255	0	0	0	0	0	0	0	1	0	0	0	0	0	0	1	0	0.0	0.0	0.0	0.0	720	400	0	0
1261175	720	400	192	199	0	0	131	253	224	255	0	0	0	0	0	0	0	1	0	0	0	0	0	0	1	0	0.0	0.0	0.0	0.0	690	400	0	0
1261208	690	400	192	199	0	0	131	253	224	255	0	0	0	0	0	0	0	1	0	0	0	0	0	0	1	0	0.0	0.0	0.0	0.0	660	400	0	0
1261241	660	400	192	199	0	0	131	253	224	255	0	0	0	0	0	0	0	1	0	0	0	0	0	0	1	0	0.0	0.0	0.0	0.0	630	400	0	0
1261274	630	400	192	199	0	0	131	253	224	255	0	0	0	0	0	0	0	1	0	0	0	0	0	0	1	0	0.0	0.0	0.0	0.0	600	400	0	0
1261308	600	400	192	199	0	0	131	253	224	255	0	0	0	0	0	0	0	1	0	0	0	0	0	0	1	0	0.0	0.0	0.0	0.0	570	400	0	0
1261339	570	400	192	199	0	0	131	253	224	255	0	0	0	0	0	0	0	1	0	0	0	0	0	0	1	0	0.0	0.0	0.0	0.0	540	400	0	0
1261376	540	400	192	199	0	0	131	253	224	255	0	0	0	0	0	0	0	1	0	0	0	0	0	0	1	0	0.0	0.0	0.0	0.0	510	400	0	0
1261407	510	400	192	199	0	0	131	253	224	255	0	0	0	0	0	0	0	1	0	0	0	0	0	0	1	0	0.0	0.0	0.0	0.0	480	400	0	0
1261438	480	400	192	199	0	0	131	253	224	255	0	0	0	0	0	0	0	1	0	0	0	0	0	0	1	0	0.0	0.0	0.0	0.0	450	400	0	0
1261473	450	400	192	199	0	0	131	253	224	255	0	0	0	0	0	0	0	1	0	0	0	0	0	0	1	0	0.0	0.0	0.0	0.0	420	400	0	0
1261510	420	400	192	199	0	0	131	253	224	255	0	0	0	0	0	0	0	1	0	0	0	0	0	0	1	0	0.0	0.0	0.0	0.0	390	400	0	0
1261540	390	400	192	199	0	0	131	253	224	255	0	0	0	0	0	0	0	1	0	0	0	0	0	0	1	0	0.0	0.0	0.0	0.0	360	400	0	0
1261572	360	400	192	199	0	0	131	253	224	255	0	0	0	0	0	0	0	1	0	0	0	0	0	0	1	0	0.0	0.0	0.0	0.0	330	400	0	0
1261605	330	400	192	199	0	0	131	253	224	255	0	0	0	0	0	0	0	1	0	0	0	0	0	0	1	0	0.0	0.0	0.0	0.0	300	400	0	0
1261644	300	400	192	199	0	0	131	253	224	255	0	0	0	0	0	0	0	1	0	0	0	0	0	0	1	0	0.0	0.0	0.0	0.0	270	400	0	0
1261673	270	400	192	199	0	0	131	253	224	255	0	0	0	0	0	0	0	1	0	0	0	0	0	0	1	0	0.0	0.0	0.0	0.0	240	400	0	0
1261706	240	400	192	199	0	0	131	253	224	255	0	0	0	0	0	0	0	1	0	0	0	0	0	0	1	0	0.0	0.0	0.0	0.0	210	400	0	0
1261739	210	400	192	199	0	0	131	253	224	255	0	0	0	0	0	0	0	1	0	0	0	0	0	0	0	0	0.0	0.0	0.0	0.0	210	400	0	0
1261777	210	400	192	199	0	0	131	253	224	255	0	0	0	0	0	0	0	1	0	0	0	0	0	0	0	0	0.0	0.0	0.0	0.0	210	400	0	0
1261806	210	400	192	199	0	0	131	253	224	255	0	0	0	0	0	0	0	1	0	0	0	0	0	0	0	0	0.0	0.0	0.0	0.0	210	400	0	0
1261843	210	400	192	199	0	0	131	253	224	255	0	0	0	0	0	0	0	1	0	0	0	0	0	0	0	0	0.0	0.0	0.0	0.0	210	400	0	0
1261873	210	400	192	199	0	0	131	253	224	255	0	0	0	0	0	0	0	1	0	0	0	0	0	0	0	0	0.0	0.0	0.0	0.0	210	400	0	0
1261909	210	400	192	199	0	0	131	253	224	255	0	0	0	0	0	0	0	1	0	0	0	0	0	0	0	0	0.0	0.0	0.0	0.0	210	400	0	0
1261938	210	400	192	199	0	0	131	253	224	255	0	0	0	0	0	0	0	1	0	0	0	0	0	0	0	0	0.0	0.0	0.0	0.0	210	400	0	0
1261974	210	400	192	199	0	0	131	253	224	255	0	0	0	0	0	0	0	1	0	0	0	0	0	0	0	0	0.0	0.0	0.0	0.0	210	400	0	0
1262005	210	400	192	199	0	0	131	253	224	255	0	0	0	0	0	0	0	1	0	0	0	0	0	0	0	0	0.0	0.0	0.0	0.0	210	400	0	0
1262039	210	400	192	199	0	0	131	253	224	255	0	0	0	0	0	0	0	1	0	0	0	0	0	0	0	0	0.0	0.0	0.0	0.0	210	400	0	0
1262072	210	400	192	199	0	0	131	253	224	255	0	0	0	0	0	0	0	1	0	0	0	0	0	0	0	0	0.0	0.0	0.0	0.0	210	400	0	0
1262105	210	400	192	199	0	0	131	253	224	255	0	0	0	0	0	0	0	1	0	0	0	0	0	0	0	0	0.0	0.0	0.0	0.0	210	400	0	0
1262139	210	400	192	199	0	0	131	253	224	255	0	0	0	0	0	0	0	1	0	0	0	0	0	0	0	0	0.0	0.0	0.0	0.0	210	400	0	0
1262173	210	400	192	199	0	0	131	253	224	255	0	0	0	0	0	0	0	1	0	0	0	0	0	0	0	0	0.0	0.0	0.0	0.0	210	400	0	0
1262307	210	400	192	199	0	0	131	253	224	255	0	0	0	0	0	0	0	0	0	0	0	0	0	0	0	0	0.35686278	-0.38039213	0.0	0.0	210	400	36	0
1262339	210	400	192	199	0	0	131	253	224	255	0	0	0	0	0	0	0	0	0	0	0	0	0	0	0	0	0.56078434	-0.56078434	0.0	0.0	210	400	56	0
1262376	210	400	192	199	0	0	131	253	224	255	0	0	0	0	0	0	0	0	0	0	0	0	0	0	0	0	0.8117647	-0.75686276	0.0	0.0	210	400	78	0
1262410	210	400	192	199	0	0	131	253	224	255	0	0	0	0	0	0	0	0	0	0	0	0	0	0	0	0	1.0	-0.8666667	0.0	0.0	210	400	93	0
1262439	210	400	192	199	0	0	131	253	224	255	0	0	0	0	0	0	0	0	0	0	0	0	0	0	0	0	1.0	-0.9372549	0.0	0.0	210	400	96	0
1262477	210	400	192	199	0	0	131	253	224	255	0	0	0	0	0	0	0	0	0	0	0	0	0	0	0	0	1.0	-0.9607843	0.0	0.0	210	400	98	0
1262511	210	400	192	199	0	0	131	253	224	255	0	0	0	0	0	0	0	0	0	0	0	0	0	0	0	0	1.0	-1.0	0.0	0.0	210	400	100	0
1262543	210	400	192	199	0	0	131	253	224	255	0	0	0	0	0	0	0	0	0	0	0	0	0	0	0	0	1.0	-1.0	0.0	0.0	210	400	100	0
1262577	210	400	192	199	0	0	131	253	224	255	0	0	0	0	0	0	0	0	0	0	0	0	0	0	0	0	1.0	-1.0	0.0	0.0	210	400	100	0
1262610	210	400	192	199	0	0	131	253	224	255	0	0	0	0	0	0	0	0	0	0	0	0	0	0	0	0	1.0	-1.0	0.0	0.0	210	400	100	0
1262644	210	400	192	199	0	0	131	253	224	255	0	0	0	0	0	0	0	0	0	0	0	0	0	0	0	0	1.0	-1.0	0.0	0.0	210	400	100	0
1262677	210	400	192	199	0	0	131	253	224	255	0	0	0	0	0	0	0	0	0	0	0	0	0	0	0	0	1.0	-1.0	0.0	0.0	210	400	100	0
1262710	210	400	192	199	0	0	131	253	224	255	0	0	0	0	0	0	0	0	0	0	0	0	0	0	0	0	1.0	-1.0	0.0	0.0	210	400	100	0
1262743	210	400	192	199	0	0	131	253	224	255	0	0	0	0	0	0	0	0	0	0	0	0	0	0	0	0	1.0	-1.0	0.0	0.0	210	400	100	0
1262777	210	400	192	199	0	0	131	253	224	255	0	0	0	0	0	0	0	0	0	0	0	0	0	0	0	0	1.0	-1.0	0.0	0.0	210	400	100	0
1262810	210	400	192	199	0	0	131	253	224	255	0	0	0	0	0	0	0	0	0	0	0	0	0	0	0	0	1.0	-1.0	0.0	0.0	210	400	100	0
1262843	210	400	192	199	0	0	131	253	224	255	0	0	0	0	0	0	0	0	0	0	0	0	0	0	0	0	1.0	-1.0	0.0	0.0	210	400	100	0
1262876	210	400	192	199	0	0	131	253	224	255	0	0	0	0	0	0	0	0	0	0	0	0	0	0	0	0	1.0	-1.0	0.0	0.0	210	400	100	0
1262910	210	400	192	199	0	0	131	253	224	255	0	0	0	0	0	0	0	0	0	0	0	0	0	0	0	0	1.0	-1.0	0.0	0.0	210	400	100	0
1262943	210	400	192	199	0	0	131	253	224	255	0	0	0	0	0	0	0	0	0	0	0	0	0	0	0	0	1.0	-1.0	0.0	0.0	210	400	100	0
1262976	210	400	192	199	0	0	131	253	224	255	0	0	0	0	0	0	0	0	0	0	0	0	0	0	0	0	1.0	-1.0	0.0	0.0	210	400	100	0
1263010	210	400	192	199	0	0	131	253	224	255	0	0	0	0	0	0	0	0	0	0	0	0	0	0	0	0	1.0	-1.0	0.0	0.0	210	400	100	0
1263043	210	400	192	199	0	0	131	253	224	255	0	0	0	0	0	0	0	0	0	0	0	0	0	0	0	0	1.0	-1.0	0.0	0.0	210	400	100	0
1263076	210	400	192	199	0	0	131	253	224	255	0	0	0	0	0	0	0	0	0	0	0	0	0	0	0	0	1.0	-1.0	0.0	0.0	210	400	100	0
1263109	210	400	192	199	0	0	131	253	224	255	0	0	0	0	0	0	0	0	0	0	0	0	0	0	0	0	1.0	-1.0	0.0	0.0	210	400	100	0
1263143	210	400	192	199	0	0	131	253	224	255	0	0	0	0	0	0	0	0	0	0	0	0	0	0	0	0	1.0	-1.0	0.0	0.0	210	400	100	0
1263176	210	400	192	199	0	0	131	253	224	255	0	0	0	0	0	0	0	0	0	0	0	0	0	0	0	0	1.0	-1.0	0.0	0.0	210	400	100	0
1263208	210	400	192	199	0	0	131	253	224	255	0	0	0	0	0	0	0	0	0	0	0	0	0	0	0	0	1.0	-1.0	0.0	0.0	210	400	100	0
1263242	210	400	192	199	0	0	131	253	224	255	0	0	0	0	0	0	0	0	0	0	0	0	0	0	0	0	1.0	-1.0	0.0	0.0	210	400	100	0
1263275	210	400	192	199	0	0	131	253	224	255	0	0	0	0	0	0	0	0	0	0	0	0	0	0	0	0	1.0	-1.0	0.0	0.0	210	400	100	0
1263309	210	400	192	199	0	0	131	253	224	255	0	0	0	0	0	0	0	0	0	0	0	0	0	0	0	0	1.0	-0.9137255	0.0	0.0	210	400	95	0
1263342	210	400	192	199	0	0	131	253	224	255	0	0	0	0	0	0	0	0	0	0	0	0	0	0	0	0	0.16078436	-0.27843136	0.0	0.0	210	400	21	0
1264572	210	400	192	199	0	0	131	253	224	255	0	0	0	0	0	0	0	1	0	0	0	0	0	0	0	0	0.0	0.0	0.0	0.0	210	400	0	0
1264605	210	400	192	199	0	0	131	253	224	255	0	0	0	0	0	0	0	1	0	0	0	0	0	0	0	0	0.0	0.0	0.0	0.0	210	400	0	0
1264644	210	400	192	199	0	0	131	253	224	255	0	0	0	0	0	0	0	1	0	0	0	0	0	0	0	0	0.0	0.0	0.0	0.0	210	400	0	0
1264678	210	400	192	199	0	0	131	253	224	255	0	0	0	0	0	0	0	1	0	0	0	0	0	0	0	0	0.0	0.0	0.0	0.0	210	400	0	0
1264707	210	400	192	199	0	0	131	253	224	255	0	0	0	0	0	0	0	1	0	0	0	0	0	0	0	0	0.0	0.0	0.0	0.0	210	400	0	0
1264744	210	400	192	199	0	0	131	253	224	255	0	0	0	0	0	0	0	1	0	0	0	0	0	0	0	1	0.0	0.0	0.0	0.0	240	400	0	0
1264777	240	400	192	199	0	0	131	253	224	255	0	0	0	0	0	0	0	1	0	0	0	0	0	0	0	1	0.0	0.0	0.0	0.0	270	400	0	0
1264810	270	400	192	199	0	0	131	253	224	255	0	0	0	0	0	0	0	1	0	0	0	0	0	0	0	1	0.0	0.0	0.0	0.0	300	400	0	0
1264842	300	400	192	199	0	0	131	253	224	255	0	0	0	0	0	0	0	1	0	0	0	0	0	0	0	1	0.0	0.0	0.0	0.0	330	400	0	0
1264877	330	400	192	199	0	0	131	253	224	255	0	0	0	0	0	0	0	1	0	0	0	0	0	0	0	0	0.0	0.0	0.0	0.0	330	400	0	0
1264907	330	400	192	199	0	0	131	253	224	255	0	0	0	0	0	0	0	1	0	0	0	0	0	0	0	0	0.0	0.0	0.0	0.0	330	400	0	0
1264944	330	400	192	199	0	0	131	253	224	255	0	0	0	0	0	0	0	1	0	0	0	0	0	0	0	0	0.0	0.0	0.0	0.0	330	400	0	0
1264975	330	400	192	199	0	0	131	253	224	255	0	0	0	0	0	0	0	1	0	0	0	0	0	0	0	0	0.0	0.0	0.0	0.0	330	400	0	0
1265007	330	400	192	199	0	0	131	253	224	255	0	0	0	0	0	0	0	1	0	0	0	0	0	0	0	0	0.0	0.0	0.0	0.0	330	400	0	0
1265040	330	400	192	199	0	0	131	253	224	255	0	0	0	0	0	0	0	1	0	0	0	0	0	0	0	0	0.0	0.0	0.0	0.0	330	400	0	0
1265077	330	400	192	199	0	0	131	253	224	255	0	0	0	0	0	0	0	1	0	0	0	0	0	0	0	0	0.0	0.0	0.0	0.0	330	400	0	0
1265110	330	400	192	199	0	0	131	253	224	255	0	0	0	0	0	0	0	1	0	0	0	0	0	0	0	0	0.0	0.0	0.0	0.0	330	400	0	0
1265144	330	400	192	199	0	0	131	253	224	255	0	0	0	0	0	0	0	1	0	0	0	0	0	0	0	0	0.0	0.0	0.0	0.0	330	400	0	0
1265174	330	400	192	199	0	0	131	253	224	255	0	0	0	0	0	0	0	1	0	0	0	0	0	0	0	0	0.0	0.0	0.0	0.0	330	400	0	0
1265209	330	400	192	199	0	0	131	253	224	255	0	0	0	0	0	0	0	1	0	0	0	0	0	0	0	0	0.0	0.0	0.0	0.0	330	400	0	0
1265242	330	400	192	199	0	0	131	253	224	255	0	0	0	0	0	0	0	1	0	0	0	0	0	0	0	1	0.0	0.0	0.0	0.0	360	400	0	0
1265276	360	400	192	199	0	0	131	253	224	255	0	0	0	0	0	0	0	1	0	0	0	0	0	0	0	1	0.0	0.0	0.0	0.0	390	400	0	0
1265309	390	400	192	199	0	0	131	253	224	255	0	0	0	0	0	0	0	1	0	0	0	0	0	0	0	0	0.0	0.0	0.0	0.0	390	400	0	0
1265341	390	400	192	199	0	0	131	253	224	255	0	0	0	0	0	0	0	1	0	0	0	0	0	0	0	0	0.0	0.0	0.0	0.0	390	400	0	0
1265375	390	400	192	199	0	0	131	253	224	255	0	0	0	0	0	0	0	1	0	0	0	0	0	0	0	0	0.0	0.0	0.0	0.0	390	400	0	0
1265410	390	400	192	199	0	0	131	253	224	255	0	0	0	0	0	0	0	1	0	0	0	0	0	0	0	0	0.0	0.0	0.0	0.0	390	400	0	0
1265444	390	400	192	199	0	0	131	253	224	255	0	0	0	0	0	0	0	1	0	0	0	0	0	0	0	0	0.0	0.0	0.0	0.0	390	400	0	0
1265477	390	400	192	199	0	0	131	253	224	255	0	0	0	0	0	0	0	1	0	0	0	0	0	0	0	0	0.0	0.0	0.0	0.0	390	400	0	0
1265510	390	400	192	199	0	0	131	253	224	255	0	0	0	0	0	0	0	1	0	0	0	0	0	0	0	0	0.0	0.0	0.0	0.0	390	400	0	0
1265544	390	400	192	199	0	0	131	253	224	255	0	0	0	0	0	0	0	1	0	0	0	0	0	0	0	0	0.0	0.0	0.0	0.0	390	400	0	0
1265577	390	400	192	199	0	0	131	253	224	255	0	0	0	0	0	0	0	1	0	0	0	0	0	0	0	0	0.0	0.0	0.0	0.0	390	400	0	0
1265610	390	400	192	199	0	0	131	253	224	255	0	0	0	0	0	0	0	1	0	0	0	0	0	0	0	0	0.0	0.0	0.0	0.0	390	400	0	0
1265644	390	400	192	199	0	0	131	253	224	255	0	0	0	0	0	0	0	1	0	0	0	0	0	0	0	0	0.0	0.0	0.0	0.0	390	400	0	0
1265674	390	400	192	199	0	0	131	253	224	255	0	0	0	0	0	0	0	1	0	0	0	0	0	0	0	0	0.0	0.0	0.0	0.0	390	400	0	0
1265709	390	400	192	199	0	0	131	253	224	255	0	0	0	0	0	0	0	1	0	0	0	0	0	0	0	0	0.0	0.0	0.0	0.0	390	400	0	0
1265743	390	400	192	199	0	0	131	253	224	255	0	0	0	0	0	0	0	1	0	0	0	0	0	0	0	0	0.0	0.0	0.0	0.0	390	400	0	0
1265776	390	400	192	199	0	0	131	253	224	255	0	0	0	0	0	0	0	1	0	0	0	0	0	0	0	0	0.0	0.0	0.0	0.0	390	400	0	0
1265810	390	400	192	199	0	0	131	253	224	255	0	0	0	0	0	0	0	1	0	0	0	0	0	0	0	0	0.0	0.0	0.0	0.0	390	400	0	0
1265843	390	400	192	199	0	0	131	253	224	255	0	0	0	0	0	0	0	1	0	0	0	0	0	0	0	0	0.0	0.0	0.0	0.0	390	400	0	0
1265876	390	400	192	199	0	0	131	253	224	255	0	0	0	0	0	0	0	1	0	0	0	0	0	0	0	0	0.0	0.0	0.0	0.0	390	400	0	0
1265909	390	400	192	199	0	0	131	253	224	255	0	0	0	0	0	0	0	1	0	0	0	0	0	0	0	0	0.0	0.0	0.0	0.0	390	400	0	0
1265943	390	400	192	199	0	0	131	253	224	255	0	0	0	0	0	0	0	1	0	0	0	0	0	0	0	0	0.0	0.0	0.0	0.0	390	400	0	0
1265976	390	400	192	199	0	0	131	253	224	255	0	0	0	0	0	0	0	1	0	0	0	0	0	0	0	0	0.0	0.0	0.0	0.0	390	400	0	0
1266009	390	400	192	199	0	0	131	253	224	255	0	0	0	0	0	0	0	1	0	0	0	0	0	0	0	0	0.0	0.0	0.0	0.0	390	400	0	0
1266043	390	400	192	199	0	0	131	253	224	255	0	0	0	0	0	0	0	1	0	0	0	0	0	0	0	0	0.0	0.0	0.0	0.0	390	400	0	0
1266076	390	400	192	199	0	0	131	253	224	255	0	0	0	0	0	0	0	1	0	0	0	0	0	1	0	0	0.0	0.0	0.0	0.0	390	430	0	0
1266109	390	430	192	199	0	0	131	253	224	255	0	0	0	0	0	0	0	1	0	0	0	0	0	1	0	0	0.0	0.0	0.0	0.0	390	460	0	0
1266142	390	460	192	199	0	0	131	253	224	255	0	0	0	0	0	0	0	1	0	0	0	0	0	1	0	0	0.0	0.0	0.0	0.0	390	490	0	0
1266175	390	490	192	199	0	0	131	253	224	255	0	0	0	0	0	0	0	1	0	0	0	0	0	1	0	0	0.0	0.0	0.0	0.0	390	520	0	0
1266209	390	520	192	199	0	0	131	253	224	255	0	0	0	0	0	0	0	1	0	0	0	0	0	1	0	0	0.0	0.0	0.0	0.0	390	550	0	0
1266242	390	550	192	199	0	0	131	253	224	255	0	0	0	0	0	0	0	1	0	0	0	0	0	1	0	0	0.0	0.0	0.0	0.0	390	580	0	0
1266275	390	580	192	199	0	0	131	253	224	255	0	0	0	0	0	0	0	1	0	0	0	0	0	1	0	0	0.0	0.0	0.0	0.0	390	610	0	0
1266309	390	610	192	199	0	0	131	253	224	255	0	0	0	0	0	0	0	1	0	0	0	0	0	1	0	0	0.0	0.0	0.0	0.0	390	640	0	0
1266342	390	640	192	199	0	0	131	253	224	255	0	0	0	0	0	0	0	1	0	0	0	0	0	0	0	0	0.0	0.0	0.0	0.0	390	640	0	0
1266375	390	640	192	199	0	0	131	253	224	255	0	0	0	0	0	0	0	1	0	0	0	0	0	0	0	0	0.0	0.0	0.0	0.0	390	640	0	0
1266408	390	640	192	199	0	0	131	253	224	255	0	0	0	0	0	0	0	1	0	0	0	0	0	0	0	0	0.0	0.0	0.0	0.0	390	640	0	0
1266442	390	640	192	199	0	0	131	253	224	255	0	0	0	0	0	0	0	1	0	0	0	0	0	0	0	0	0.0	0.0	0.0	0.0	390	640	0	0
1266475	390	640	192	199	0	0	131	253	224	255	0	0	0	0	0	0	0	1	0	0	0	0	0	0	0	0	0.0	0.0	0.0	0.0	390	640	0	0
1266508	390	640	192	199	0	0	131	253	224	255	0	0	0	0	0	0	0	1	0	0	0	0	0	0	0	0	0.0	0.0	0.0	0.0	390	640	0	0
1266541	390	640	192	199	0	0	131	253	224	255	0	0	0	0	0	0	0	1	0	0	0	0	0	0	0	0	0.0	0.0	0.0	0.0	390	640	0	0
1266575	390	640	192	199	0	0	131	253	224	255	0	0	0	0	0	0	0	1	0	0	0	0	0	0	0	0	0.0	0.0	0.0	0.0	390	640	0	0
1266608	390	640	192	199	0	0	131	253	224	255	0	0	0	0	0	0	0	1	0	0	0	0	0	0	0	0	0.0	0.0	0.0	0.0	390	640	0	0
1266641	390	640	192	199	0	0	131	253	224	255	0	0	0	0	0	0	0	1	0	0	0	0	0	0	0	0	0.0	0.0	0.0	0.0	390	640	0	0
1266674	390	640	192	199	0	0	131	253	224	255	0	0	0	0	0	0	0	1	0	0	0	0	0	0	0	0	0.0	0.0	0.0	0.0	390	640	0	0
1266709	390	640	192	199	0	0	131	253	224	255	0	0	0	0	0	0	0	1	0	0	0	0	0	0	0	0	0.0	0.0	0.0	0.0	390	640	0	0
1266944	390	640	192	199	0	0	131	253	224	255	0	0	0	0	0	0	0	0	0	0	0	0	0	0	0	0	0.17647064	0.0	0.0	0.0	390	640	8	0
1266973	390	640	192	199	0	0	131	253	224	255	0	0	0	0	0	0	0	0	0	0	0	0	0	0	0	0	0.3411765	-0.27843136	0.0	0.0	390	640	30	0
1267007	390	640	192	199	0	0	131	253	224	255	0	0	0	0	0	0	0	0	0	0	0	0	0	0	0	0	0.5372549	-0.3960784	0.0	0.0	390	640	46	0
1267041	390	640	192	199	0	0	131	253	224	255	0	0	0	0	0	0	0	0	0	0	0	0	0	0	0	0	0.92156863	-0.654902	0.0	0.0	390	640	78	0
1267074	390	640	192	199	0	0	131	253	224	255	0	0	0	0	0	0	0	0	0	0	0	0	0	0	0	0	1.0	-0.9372549	0.0	0.0	390	640	96	0
1267107	390	640	192	199	0	0	131	253	224	255	0	0	0	0	0	0	0	0	0	0	0	0	0	0	0	0	1.0	-0.96862745	0.0	0.0	390	640	98	0
1267140	390	640	192	199	0	0	131	253	224	255	0	0	0	0	0	0	0	0	0	0	0	0	0	0	0	0	1.0	-0.96862745	0.0	0.0	390	640	98	0
1267174	390	640	192	199	0	0	131	253	224	255	0	0	0	0	0	0	0	0	0	0	0	0	0	0	0	0	1.0	-0.96862745	0.0	0.0	390	640	98	0
1267207	390	640	192	199	0	0	131	253	224	255	0	0	0	0	0	0	0	0	0	0	0	0	0	0	0	0	1.0	-0.96862745	0.0	0.0	390	640	98	0
1267244	390	640	192	199	0	0	131	253	224	255	0	0	0	0	0	0	0	0	0	0	0	0	0	0	0	0	1.0	-0.96862745	0.0	0.0	390	640	98	0
1267274	390	640	192	199	0	0	131	253	224	255	0	0	0	0	0	0	0	0	0	0	0	0	0	0	0	0	1.0	-0.96862745	0.0	0.0	390	640	98	0
1267309	390	640	192	199	0	0	131	253	224	255	0	0	0	0	0	0	0	0	0	0	0	0	0	0	0	0	1.0	-0.96862745	0.0	0.0	390	640	98	0
1267342	390	640	192	199	0	0	131	253	224	255	0	0	0	0	0	0	0	0	0	0	0	0	0	0	0	0	1.0	-0.96862745	0.0	0.0	390	640	98	0
1267373	390	640	192	199	0	0	131	253	224	255	0	0	0	0	0	0	0	0	0	0	0	0	0	0	0	0	1.0	-0.96862745	0.0	0.0	390	640	98	0
1267409	390	640	192	199	0	0	131	253	224	255	0	0	0	0	0	0	0	0	0	0	0	0	0	0	0	0	1.0	-0.96862745	0.0	0.0	390	640	98	0
1267440	390	640	192	199	0	0	131	253	224	255	0	0	0	0	0	0	0	0	0	0	0	0	0	0	0	0	1.0	-0.96862745	0.0	0.0	390	640	98	0
1267473	390	640	192	199	0	0	131	253	224	255	0	0	0	0	0	0	0	0	0	0	0	0	0	0	0	0	1.0	-0.96862745	0.0	0.0	390	640	98	0
1267510	390	640	192	199	0	0	131	253	224	255	0	0	0	0	0	0	0	0	0	0	0	0	0	0	0	0	1.0	-0.96862745	0.0	0.0	390	640	98	0
1267543	390	640	192	199	0	0	131	253	224	255	0	0	0	0	0	0	0	0	0	0	0	0	0	0	0	0	1.0	-0.96862745	0.0	0.0	390	640	98	0
1267572	390	640	192	199	0	0	131	253	224	255	0	0	0	0	0	0	0	0	0	0	0	0	0	0	0	0	1.0	-0.96862745	0.0	0.0	390	640	98	0
1267610	390	640	192	199	0	0	131	253	224	255	0	0	0	0	0	0	0	0	0	0	0	0	0	0	0	0	1.0	-0.96862745	0.0	0.0	390	640	98	0
1267639	390	640	192	199	0	0	131	253	224	255	0	0	0	0	0	0	0	0	0	0	0	0	0	0	0	0	1.0	-0.8980392	0.0	0.0	390	640	94	0
1267675	390	640	192	199	0	0	131	253	224	255	0	0	0	0	0	0	0	0	0	0	0	0	0	0	0	0	0.0	-0.21568626	0.0	0.0	390	640	10	0
1267977	390	640	192	199	0	0	131	253	224	255	0	0	0	0	0	0	0	1	0	0	0	0	0	0	0	0	0.0	0.0	0.0	0.0	390	640	0	0
1268006	390	640	192	199	0	0	131	253	224	255	0	0	0	0	0	0	0	1	0	0	0	0	0	0	0	0	0.0	0.0	0.0	0.0	390	640	0	0
1268043	390	640	192	199	0	0	131	253	224	255	0	0	0	0	0	0	0	1	0	0	0	0	0	0	0	0	0.0	0.0	0.0	0.0	390	640	0	0
1268074	390	640	192	199	0	0	131	253	224	255	0	0	0	0	0	0	0	1	0	0	0	0	0	0	0	0	0.0	0.0	0.0	0.0	390	640	0	0
1268110	390	640	192	199	0	0	131	253	224	255	0	0	0	0	0	0	0	1	0	0	0	0	0	0	0	0	0.0	0.0	0.0	0.0	390	640	0	0
1268141	390	640	192	199	0	0	131	253	224	255	0	0	0	0	0	0	0	1	0	0	0	0	0	0	0	1	0.0	0.0	0.0	0.0	420	640	0	0
1268175	420	640	192	199	0	0	131	253	224	255	0	0	0	0	0	0	0	1	0	0	0	0	0	0	0	1	0.0	0.0	0.0	0.0	450	640	0	0
1268207	450	640	192	199	0	0	131	253	224	255	0	0	0	0	0	0	0	1	0	0	0	0	0	0	0	1	0.0	0.0	0.0	0.0	480	640	0	0
1268241	480	640	192	199	0	0	131	253	224	255	0	0	0	0	0	0	0	1	0	0	0	0	0	0	0	1	0.0	0.0	0.0	0.0	510	640	0	0
1268274	510	640	192	199	0	0	131	253	224	255	0	0	0	0	0	0	0	1	0	0	0	0	0	0	0	1	0.0	0.0	0.0	0.0	540	640	0	0
1268306	540	640	192	199	0	0	131	253	224	255	0	0	0	0	0	0	0	1	0	0	0	0	0	0	0	1	0.0	0.0	0.0	0.0	570	640	0	0
1268341	570	640	192	199	0	0	131	253	224	255	0	0	0	0	0	0	0	1	0	0	0	0	0	0	0	1	0.0	0.0	0.0	0.0	600	640	0	0
1268377	600	640	192	199	0	0	131	253	224	255	0	0	0	0	0	0	0	1	0	0	0	0	0	0	0	1	0.0	0.0	0.0	0.0	630	640	0	0
1268408	630	640	192	199	0	0	131	253	224	255	0	0	0	0	0	0	0	1	0	0	0	0	0	0	0	1	0.0	0.0	0.0	0.0	660	640	0	0
1268440	660	640	192	199	0	0	131	253	224	255	0	0	0	0	0	0	0	1	0	0	0	0	0	0	0	1	0.0	0.0	0.0	0.0	690	640	0	0
1268478	690	640	192	199	0	0	131	253	224	255	0	0	0	0	0	0	0	1	0	0	0	0	0	0	0	0	0.0	0.0	0.0	0.0	690	640	0	0
1268506	690	640	192	199	0	0	131	253	224	255	0	0	0	0	0	0	0	1	0	0	0	0	0	0	0	0	0.0	0.0	0.0	0.0	690	640	0	0
1268544	690	640	192	199	0	0	131	253	224	255	0	0	0	0	0	0	0	1	0	0	0	0	0	0	0	0	0.0	0.0	0.0	0.0	690	640	0	0
1268572	690	640	192	199	0	0	131	253	224	255	0	0	0	0	0	0	0	1	0	0	0	0	0	0	0	0	0.0	0.0	0.0	0.0	690	640	0	0
1268606	690	640	192	199	0	0	131	253	224	255	0	0	0	0	0	0	0	1	0	0	0	0	0	0	0	0	0.0	0.0	0.0	0.0	690	640	0	0
1268642	690	640	192	199	0	0	131	253	224	255	0	0	0	0	0	0	0	1	0	0	0	0	0	0	0	0	0.0	0.0	0.0	0.0	690	640	0	0
1268674	690	640	192	199	0	0	131	253	224	255	0	0	0	0	0	0	0	1	0	0	0	0	0	0	0	0	0.0	0.0	0.0	0.0	690	640	0	0
1268707	690	640	192	199	0	0	131	253	224	255	0	0	0	0	0	0	0	1	0	0	0	0	0	0	0	0	0.0	0.0	0.0	0.0	690	640	0	0
1268743	690	640	192	199	0	0	131	253	224	255	0	0	0	0	0	0	0	1	0	0	0	0	0	0	0	0	0.0	0.0	0.0	0.0	690	640	0	0
1268773	690	640	192	199	0	0	131	253	224	255	0	0	0	0	0	0	0	1	0	0	0	0	0	0	0	0	0.0	0.0	0.0	0.0	690	640	0	0
1268811	690	640	192	199	0	0	131	253	224	255	0	0	0	0	0	0	0	1	0	0	0	0	0	0	0	0	0.0	0.0	0.0	0.0	690	640	0	0
1268844	690	640	192	199	0	0	131	253	224	255	0	0	0	0	0	0	0	1	0	0	0	0	0	0	0	0	0.0	0.0	0.0	0.0	690	640	0	0
1268872	690	640	192	199	0	0	131	253	224	255	0	0	0	0	0	0	0	1	0	0	0	0	0	0	0	0	0.0	0.0	0.0	0.0	690	640	0	0
1268908	690	640	192	199	0	0	131	253	224	255	0	0	0	0	0	0	0	1	0	0	0	0	0	0	0	0	0.0	0.0	0.0	0.0	690	640	0	0
1268939	690	640	192	199	0	0	131	253	224	255	0	0	0	0	0	0	0	1	0	0	0	0	0	0	0	0	0.0	0.0	0.0	0.0	690	640	0	0
1268973	690	640	192	199	0	0	131	253	224	255	0	0	0	0	0	0	0	1	0	0	0	0	0	0	0	0	0.0	0.0	0.0	0.0	690	640	0	0
1269005	690	640	192	199	0	0	131	253	224	255	0	0	0	0	0	0	0	1	0	0	0	0	0	0	0	0	0.0	0.0	0.0	0.0	690	640	0	0
1269044	690	640	192	199	0	0	131	253	224	255	0	0	0	0	0	0	0	1	0	0	0	0	0	0	0	0	0.0	0.0	0.0	0.0	690	640	0	0
1269073	690	640	192	199	0	0	131	253	224	255	0	0	0	0	0	0	0	1	0	0	0	0	0	0	0	0	0.0	0.0	0.0	0.0	690	640	0	0
1269107	690	640	192	199	0	0	131	253	224	255	0	0	0	0	0	0	0	1	0	0	0	0	0	0	0	0	0.0	0.0	0.0	0.0	690	640	0	0
1269140	690	640	192	199	0	0	131	253	224	255	0	0	0	0	0	0	0	1	0	0	0	0	0	0	0	0	0.0	0.0	0.0	0.0	690	640	0	0
1269310	690	640	192	199	0	0	131	253	224	255	0	0	0	0	0	0	0	0	0	0	0	0	0	0	0	0	0.35686278	-0.30196077	0.0	0.0	690	640	32	0
1269344	690	640	192	199	0	0	131	253	224	255	0	0	0	0	0	0	0	0	0	0	0	0	0	0	0	0	0.58431375	-0.44313723	0.0	0.0	690	640	51	0
1269377	690	640	192	199	0	0	131	253	224	255	0	0	0	0	0	0	0	0	0	0	0	0	0	0	0	0	1.0	-0.7882353	0.0	0.0	690	640	89	0
1269411	690	640	192	199	0	0	131	253	224	255	0	0	0	0	0	0	0	0	0	0	0	0	0	0	0	0	1.0	-1.0	0.0	0.0	690	640	100	0
1269443	690	640	192	199	0	0	131	253	224	255	0	0	0	0	0	0	0	0	0	0	0	0	0	0	0	0	1.0	-1.0	0.0	0.0	690	640	100	0
1269477	690	640	192	199	0	0	131	253	224	255	0	0	0	0	0	0	0	0	0	0	0	0	0	0	0	0	1.0	-1.0	0.0	0.0	690	640	100	0
1269511	690	640	192	199	0	0	131	253	224	255	0	0	0	0	0	0	0	0	0	0	0	0	0	0	0	0	1.0	-1.0	0.0	0.0	690	640	100	0
1269544	690	640	192	199	0	0	131	253	224	255	0	0	0	0	0	0	0	0	0	0	0	0	0	0	0	0	1.0	-1.0	0.0	0.0	690	640	100	0
1269576	690	640	192	199	0	0	131	253	224	255	0	0	0	0	0	0	0	0	0	0	0	0	0	0	0	0	1.0	-1.0	0.0	0.0	690	640	100	0
1269610	690	640	192	199	0	0	131	253	224	255	0	0	0	0	0	0	0	0	0	0	0	0	0	0	0	0	1.0	-1.0	0.0	0.0	690	640	100	0
1269644	690	640	192	199	0	0	131	253	224	255	0	0	0	0	0	0	0	0	0	0	0	0	0	0	0	0	1.0	-1.0	0.0	0.0	690	640	100	0
1269676	690	640	192	199	0	0	131	253	224	255	0	0	0	0	0	0	0	0	0	0	0	0	0	0	0	0	1.0	-1.0	0.0	0.0	690	640	100	0
1269710	690	640	192	199	0	0	131	253	224	255	0	0	0	0	0	0	0	0	0	0	0	0	0	0	0	0	1.0	-1.0	0.0	0.0	690	640	100	0
1269743	690	640	192	199	0	0	131	253	224	255	0	0	0	0	0	0	0	0	0	0	0	0	0	0	0	0	1.0	-1.0	0.0	0.0	690	640	100	0
1269777	690	640	192	199	0	0	131	253	224	255	0	0	0	0	0	0	0	0	0	0	0	0	0	0	0	0	1.0	-1.0	0.0	0.0	690	640	100	0
1269809	690	640	192	199	0	0	131	253	224	255	0	0	0	0	0	0	0	0	0	0	0	0	0	0	0	0	1.0	-1.0	0.0	0.0	690	640	100	0
1269843	690	640	192	199	0	0	131	253	224	255	0	0	0	0	0	0	0	0	0	0	0	0	0	0	0	0	1.0	-1.0	0.0	0.0	690	640	100	0
1269875	690	640	192	199	0	0	131	253	224	255	0	0	0	0	0	0	0	0	0	0	0	0	0	0	0	0	0.6156863	-0.81960785	0.0	0.0	690	640	71	0
1270075	690	640	192	199	0	0	131	253	224	255	0	0	0	0	0	0	0	1	0	0	0	0	0	0	0	0	0.0	0.0	0.0	0.0	690	640	0	0
1270109	690	640	192	199	0	0	131	253	224	255	0	0	0	0	0	0	0	1	0	0	0	0	0	0	0	0	0.0	0.0	0.0	0.0	690	640	0	0
1270142	690	640	192	199	0	0	131	253	224	255	0	0	0	0	0	0	0	1	0	0	0	0	0	0	0	0	0.0	0.0	0.0	0.0	690	640	0	0
1270175	690	640	192	199	0	0	131	253	224	255	0	0	0	0	0	0	0	1	0	0	0	0	0	0	0	1	0.0	0.0	0.0	0.0	720	640	0	0
1270208	720	640	192	199	0	0	131	253	224	255	0	0	0	0	0	0	0	1	0	0	0	0	0	0	0	1	0.0	0.0	0.0	0.0	750	640	0	0
1270242	750	640	192	199	0	0	131	253	224	255	0	0	0	0	0	0	0	1	0	0	0	0	0	0	0	1	0.0	0.0	0.0	0.0	780	640	0	0
1270275	780	640	192	199	0	0	131	253	224	255	0	0	0	0	0	0	0	1	0	0	0	0	0	0	0	1	0.0	0.0	0.0	0.0	810	640	0	0
1270308	810	640	192	199	0	0	131	253	224	255	0	0	0	0	0	0	0	1	0	0	0	0	0	0	0	1	0.0	0.0	0.0	0.0	840	640	0	0
1270341	840	640	192	199	0	0	131	253	224	255	0	0	0	0	0	0	0	1	0	0	0	0	0	0	0	1	0.0	0.0	0.0	0.0	870	640	0	0
1270375	870	640	192	199	0	0	131	253	224	255	0	0	0	0	0	0	0	1	0	0	0	0	0	0	0	1	0.0	0.0	0.0	0.0	900	640	0	0
1270408	900	640	192	199	0	0	131	253	224	255	0	0	0	0	0	0	0	1	0	0	0	0	0	0	0	1	0.0	0.0	0.0	0.0	930	640	0	0
1270440	930	640	192	199	0	0	131	253	224	255	0	0	0	0	0	0	0	1	0	0	0	0	0	0	0	0	0.0	0.0	0.0	0.0	930	640	0	0
1270474	930	640	192	199	0	0	131	253	224	255	0	0	0	0	0	0	0	1	0	0	0	0	0	0	0	0	0.0	0.0	0.0	0.0	930	640	0	0
1270507	930	640	192	199	0	0	131	253	224	255	0	0	0	0	0	0	0	1	0	0	0	0	0	0	0	0	0.0	0.0	0.0	0.0	930	640	0	0
1270541	930	640	192	199	0	0	131	253	224	255	0	0	0	0	0	0	0	1	0	0	0	0	0	0	0	0	0.0	0.0	0.0	0.0	930	640	0	0
1270574	930	640	192	199	0	0	131	253	224	255	0	0	0	0	0	0	0	1	0	0	0	0	0	0	0	0	0.0	0.0	0.0	0.0	930	640	0	0
1270607	930	640	192	199	0	0	131	253	224	255	0	0	0	0	0	0	0	1	0	0	0	0	0	0	0	0	0.0	0.0	0.0	0.0	930	640	0	0
1270641	930	640	192	199	0	0	131	253	224	255	0	0	0	0	0	0	0	1	0	0	0	0	0	0	0	0	0.0	0.0	0.0	0.0	930	640	0	0
1270673	930	640	192	199	0	0	131	253	224	255	0	0	0	0	0	0	0	1	0	0	0	0	0	0	0	0	0.0	0.0	0.0	0.0	930	640	0	0
1270708	930	640	192	199	0	0	131	253	224	255	0	0	0	0	0	0	0	1	0	0	0	0	0	0	0	0	0.0	0.0	0.0	0.0	930	640	0	0
1270840	930	640	192	199	0	0	131	253	224	255	0	0	0	0	0	0	0	0	0	0	0	0	0	0	0	0	0.45098042	-0.38039213	0.0	0.0	930	640	41	0
1270874	930	640	192	199	0	0	131	253	224	255	0	0	0	0	0	0	0	0	0	0	0	0	0	0	0	0	1.0	-1.0	0.0	0.0	930	640	100	0
1270906	930	640	192	199	0	0	131	253	224	255	0	0	0	0	0	0	0	0	0	0	0	0	0	0	0	0	1.0	-1.0	0.0	0.0	930	640	100	0
1270940	930	640	192	199	0	0	131	253	224	255	0	0	0	0	0	0	0	0	0	0	0	0	0	0	0	0	1.0	-1.0	0.0	0.0	930	640	100	0
1270974	930	640	192	199	0	0	131	253	224	255	0	0	0	0	0	0	0	0	0	0	0	0	0	0	0	0	1.0	-1.0	0.0	0.0	930	640	100	0
1271007	930	640	192	199	0	0	131	253	224	255	0	0	0	0	0	0	0	0	0	0	0	0	0	0	0	0	1.0	-1.0	0.0	0.0	930	640	100	0
1271044	930	640	192	199	0	0	131	253	224	255	0	0	0	0	0	0	0	0	0	0	0	0	0	0	0	0	1.0	-1.0	0.0	0.0	930	640	100	0
1271078	930	640	192	199	0	0	131	253	224	255	0	0	0	0	0	0	0	0	0	0	0	0	0	0	0	0	1.0	-1.0	0.0	0.0	930	640	100	0
1271107	930	640	192	199	0	0	131	253	224	255	0	0	0	0	0	0	0	0	0	0	0	0	0	0	0	0	1.0	-1.0	0.0	0.0	930	640	100	0
1271140	930	640	192	199	0	0	131	253	224	255	0	0	0	0	0	0	0	0	0	0	0	0	0	0	0	0	1.0	-1.0	0.0	0.0	930	640	100	0
1271172	930	640	192	199	0	0	131	253	224	255	0	0	0	0	0	0	0	0	0	0	0	0	0	0	0	0	1.0	-1.0	0.0	0.0	930	640	100	0
1271206	930	640	192	199	0	0	131	253	224	255	0	0	0	0	0	0	0	0	0	0	0	0	0	0	0	0	1.0	-1.0	0.0	0.0	930	640	100	0
1271239	930	640	192	199	0	0	131	253	224	255	0	0	0	0	0	0	0	0	0	0	0	0	0	0	0	0	1.0	-1.0	0.0	0.0	930	640	100	0
1271273	930	640	192	199	0	0	131	253	224	255	0	0	0	0	0	0	0	0	0	0	0	0	0	0	0	0	1.0	-1.0	0.0	0.0	930	640	100	0
1271309	930	640	192	199	0	0	131	253	224	255	0	0	0	0	0	0	0	0	0	0	0	0	0	0	0	0	1.0	-1.0	0.0	0.0	930	640	100	0
1271340	930	640	192	199	0	0	131	253	224	255	0	0	0	0	0	0	0	0	0	0	0	0	0	0	0	0	1.0	-1.0	0.0	0.0	930	640	100	0
1271378	930	640	192	199	0	0	131	253	224	255	0	0	0	0	0	0	0	0	0	0	0	0	0	0	0	0	1.0	-1.0	0.0	0.0	930	640	100	0
1271406	930	640	192	199	0	0	131	253	224	255	0	0	0	0	0	0	0	0	0	0	0	0	0	0	0	0	1.0	-1.0	0.0	0.0	930	640	100	0
1271441	930	640	192	199	0	0	131	253	224	255	0	0	0	0	0	0	0	0	0	0	0	0	0	0	0	0	1.0	-1.0	0.0	0.0	930	640	100	0
1271472	930	640	192	199	0	0	131	253	224	255	0	0	0	0	0	0	0	0	0	0	0	0	0	0	0	0	0.17647064	-0.3490196	0.0	0.0	930	640	26	0
1272144	930	640	192	199	0	0	131	253	224	255	0	0	0	0	0	0	0	1	0	0	0	0	0	0	0	0	0.0	0.0	0.0	0.0	930	640	0	0
1272172	930	640	192	199	0	0	131	253	224	255	0	0	0	0	0	0	0	1	0	0	0	0	0	0	0	0	0.0	0.0	0.0	0.0	930	640	0	0
1272206	930	640	192	199	0	0	131	253	224	255	0	0	0	0	0	0	0	1	0	0	0	0	0	0	0	0	0.0	0.0	0.0	0.0	930	640	0	0
1272245	930	640	192	199	0	0	131	253	224	255	0	0	0	0	0	0	0	1	0	0	0	0	0	0	0	0	0.0	0.0	0.0	0.0	930	640	0	0
1272276	930	640	192	199	0	0	131	253	224	255	0	0	0	0	0	0	0	1	0	0	0	0	0	0	0	1	0.0	0.0	0.0	0.0	960	640	0	0
1272311	960	640	192	199	0	0	131	253	224	255	0	0	0	0	0	0	0	1	0	0	0	0	0	0	0	1	0.0	0.0	0.0	0.0	990	640	0	0
1272339	990	640	192	199	0	0	131	253	224	255	0	0	0	0	0	0	0	1	0	0	0	0	0	0	0	1	0.0	0.0	0.0	0.0	1020	640	0	0
1272377	1020	640	192	199	0	0	131	253	224	255	0	0	0	0	0	0	0	1	0	0	0	0	0	0	0	1	0.0	0.0	0.0	0.0	1050	640	0	0
1272411	1050	640	192	199	0	0	131	253	224	255	0	0	0	0	0	0	0	1	0	0	0	0	0	0	0	1	0.0	0.0	0.0	0.0	1080	640	0	0
1272440	1080	640	192	199	0	0	131	253	224	255	0	0	0	0	0	0	0	1	0	0	0	0	0	0	0	1	0.0	0.0	0.0	0.0	1110	640	0	0
1272474	1110	640	192	199	0	0	131	253	224	255	0	0	0	0	0	0	0	1	0	0	0	0	0	0	0	0	0.0	0.0	0.0	0.0	1110	640	0	0
1272510	1110	640	192	199	0	0	131	253	224	255	0	0	0	0	0	0	0	1	0	0	0	0	0	0	0	0	0.0	0.0	0.0	0.0	1110	640	0	0
1272543	1110	640	192	199	0	0	131	253	224	255	0	0	0	0	0	0	0	1	0	0	0	0	0	0	0	0	0.0	0.0	0.0	0.0	1110	640	0	0
1272577	1110	640	192	199	0	0	131	253	224	255	0	0	0	0	0	0	0	1	0	0	0	0	0	0	0	0	0.0	0.0	0.0	0.0	1110	640	0	0
1273641	1110	640	192	199	0	0	131	253	224	255	0	0	0	0	0	0	0	0	0	0	0	0	0	0	0	0	0.33333337	-0.27058822	0.0	0.0	1110	640	30	0
1273674	1110	640	192	199	0	0	131	253	224	255	0	0	0	0	0	0	0	0	0	0	0	0	0	0	0	0	0.58431375	-0.654902	0.0	0.0	1110	640	61	0
1273708	1110	640	192	199	0	0	131	253	224	255	0	0	0	0	0	0	0	0	0	0	0	0	0	0	0	0	0.9764706	-1.0	0.0	0.0	1110	640	98	0
1273741	1110	640	192	199	0	0	131	253	224	255	0	0	0	0	0	0	0	0	0	0	0	0	0	0	0	0	1.0	-1.0	0.0	0.0	1110	640	100	0
1273775	1110	640	192	199	0	0	131	253	224	255	0	0	0	0	0	0	0	0	0	0	0	0	0	0	0	0	1.0	-1.0	0.0	0.0	1110	640	100	0
1273809	1110	640	192	199	0	0	131	253	224	255	0	0	0	0	0	0	0	0	0	0	0	0	0	0	0	0	1.0	-1.0	0.0	0.0	1110	640	100	0
1273841	1110	640	192	199	0	0	131	253	224	255	0	0	0	0	0	0	0	0	0	0	0	0	0	0	0	0	1.0	-1.0	0.0	0.0	1110	640	100	0
1273874	1110	640	192	199	0	0	131	253	224	255	0	0	0	0	0	0	0	0	0	0	0	0	0	0	0	0	1.0	-1.0	0.0	0.0	1110	640	100	0
1273910	1110	640	192	199	0	0	131	253	224	255	0	0	0	0	0	0	0	0	0	0	0	0	0	0	0	0	1.0	-1.0	0.0	0.0	1110	640	100	0
1273941	1110	640	192	199	0	0	131	253	224	255	0	0	0	0	0	0	0	0	0	0	0	0	0	0	0	0	1.0	-1.0	0.0	0.0	1110	640	100	0
1273974	1110	640	192	199	0	0	131	253	224	255	0	0	0	0	0	0	0	0	0	0	0	0	0	0	0	0	1.0	-1.0	0.0	0.0	1110	640	100	0
1274010	1110	640	192	199	0	0	131	253	224	255	0	0	0	0	0	0	0	0	0	0	0	0	0	0	0	0	1.0	-1.0	0.0	0.0	1110	640	100	0
1274041	1110	640	192	199	0	0	131	253	224	255	0	0	0	0	0	0	0	0	0	0	0	0	0	0	0	0	1.0	-1.0	0.0	0.0	1110	640	100	0
1274074	1110	640	192	199	0	0	131	253	224	255	0	0	0	0	0	0	0	0	0	0	0	0	0	0	0	0	1.0	-1.0	0.0	0.0	1110	640	100	0
1274107	1110	640	192	199	0	0	131	253	224	255	0	0	0	0	0	0	0	0	0	0	0	0	0	0	0	0	1.0	-1.0	0.0	0.0	1110	640	100	0
1274140	1110	640	192	199	0	0	131	253	224	255	0	0	0	0	0	0	0	0	0	0	0	0	0	0	0	0	1.0	-1.0	0.0	0.0	1110	640	100	0
1274174	1110	640	192	199	0	0	131	253	224	255	0	0	0	0	0	0	0	0	0	0	0	0	0	0	0	0	1.0	-1.0	0.0	0.0	1110	640	100	0
1274207	1110	640	192	199	0	0	131	253	224	255	0	0	0	0	0	0	0	0	0	0	0	0	0	0	0	0	1.0	-1.0	0.0	0.0	1110	640	100	0
1274243	1110	640	192	199	0	0	131	253	224	255	0	0	0	0	0	0	0	0	0	0	0	0	0	0	0	0	1.0	-1.0	0.0	0.0	1110	640	100	0
1274273	1110	640	192	199	0	0	131	253	224	255	0	0	0	0	0	0	0	0	0	0	0	0	0	0	0	0	1.0	-1.0	0.0	0.0	1110	640	100	0
1274307	1110	640	192	199	0	0	131	253	224	255	0	0	0	0	0	0	0	0	0	0	0	0	0	0	0	0	0.9764706	-1.0	0.0	0.0	1110	640	98	0
1276078	1110	640	192	199	0	0	131	253	224	255	0	0	0	0	0	0	0	1	0	0	0	0	0	0	0	0	0.0	0.0	0.0	0.0	1110	640	0	0
1276111	1110	640	192	199	0	0	131	253	224	255	0	0	0	0	0	0	0	1	0	0	0	0	0	0	0	0	0.0	0.0	0.0	0.0	1110	640	0	0
1276144	1110	640	192	199	0	0	131	253	224	255	0	0	0	0	0	0	0	1	0	0	0	0	0	0	0	0	0.0	0.0	0.0	0.0	1110	640	0	0
1276178	1110	640	192	199	0	0	131	253	224	255	0	0	0	0	0	0	0	1	0	0	0	0	0	0	0	0	0.0	0.0	0.0	0.0	1110	640	0	0
1276205	1110	640	192	199	0	0	131	253	224	255	0	0	0	0	0	0	0	1	0	0	0	0	0	0	0	0	0.0	0.0	0.0	0.0	1110	640	0	0
1276244	1110	640	192	199	0	0	131	253	224	255	0	0	0	0	0	0	0	1	0	0	0	0	1	0	0	0	0.0	0.0	0.0	0.0	1110	610	0	0
1276277	1110	610	192	199	0	0	131	253	224	255	0	0	0	0	0	0	0	1	0	0	0	0	1	0	0	0	0.0	0.0	0.0	0.0	1110	580	0	0
1276310	1110	580	192	199	0	0	131	253	224	255	0	0	0	0	0	0	0	1	0	0	0	0	1	0	0	0	0.0	0.0	0.0	0.0	1110	550	0	0
1276343	1110	550	192	199	0	0	131	253	224	255	0	0	0	0	0	0	0	1	0	0	0	0	1	0	0	0	0.0	0.0	0.0	0.0	1110	520	0	0
1276376	1110	520	192	199	0	0	131	253	224	255	0	0	0	0	0	0	0	1	0	0	0	0	1	0	0	0	0.0	0.0	0.0	0.0	1110	490	0	0
1276409	1110	490	192	199	0	0	131	253	224	255	0	0	0	0	0	0	0	1	0	0	0	0	1	0	0	0	0.0	0.0	0.0	0.0	1110	460	0	0
1276444	1110	460	192	199	0	0	131	253	224	255	0	0	0	0	0	0	0	1	0	0	0	0	1	0	0	0	0.0	0.0	0.0	0.0	1110	430	0	0
1276477	1110	430	192	199	0	0	131	253	224	255	0	0	0	0	0	0	0	1	0	0	0	0	1	0	0	0	0.0	0.0	0.0	0.0	1110	400	0	0
1276510	1110	400	192	199	0	0	131	253	224	255	0	0	0	0	0	0	0	1	0	0	0	0	1	0	0	0	0.0	0.0	0.0	0.0	1110	370	0	0
1276543	1110	370	192	199	0	0	131	253	224	255	0	0	0	0	0	0	0	1	0	0	0	0	1	0	0	0	0.0	0.0	0.0	0.0	1110	340	0	0
1276577	1110	340	192	199	0	0	131	253	224	255	0	0	0	0	0	0	0	1	0	0	0	0	1	0	0	0	0.0	0.0	0.0	0.0	1110	310	0	0
1276610	1110	310	192	199	0	0	131	253	224	255	0	0	0	0	0	0	0	1	0	0	0	0	1	0	0	0	0.0	0.0	0.0	0.0	1110	280	0	0
1276642	1110	280	192	199	0	0	131	253	224	255	0	0	0	0	0	0	0	1	0	0	0	0	1	0	0	0	0.0	0.0	0.0	0.0	1110	250	0	0
1276676	1110	250	192	199	0	0	131	253	224	255	0	0	0	0	0	0	0	1	0	0	0	0	1	0	0	0	0.0	0.0	0.0	0.0	1110	220	0	0
1276710	1110	220	192	199	0	0	131	253	224	255	0	0	0	0	0	0	0	1	0	0	0	0	1	0	0	0	0.0	0.0	0.0	0.0	1110	190	0	0
1276743	1110	190	192	199	0	0	131	253	224	255	0	0	0	0	0	0	0	1	0	0	0	0	1	0	0	0	0.0	0.0	0.0	0.0	1110	160	0	0
1276776	1110	160	192	199	0	0	131	253	224	255	0	0	0	0	0	0	0	1	0	0	0	0	1	0	0	0	0.0	0.0	0.0	0.0	1110	130	0	0
1276809	1110	130	192	199	0	0	131	253	224	255	0	0	0	0	0	0	0	1	0	0	0	0	0	0	0	0	0.0	0.0	0.0	0.0	1110	130	0	0
1276843	1110	130	192	199	0	0	131	253	224	255	0	0	0	0	0	0	0	1	0	0	0	0	0	0	0	0	0.0	0.0	0.0	0.0	1110	130	0	0
1276876	1110	130	192	199	0	0	131	253	224	255	0	0	0	0	0	0	0	1	0	0	0	0	0	0	0	0	0.0	0.0	0.0	0.0	1110	130	0	0
1276908	1110	130	192	199	0	0	131	253	224	255	0	0	0	0	0	0	0	1	0	0	0	0	0	0	0	0	0.0	0.0	0.0	0.0	1110	130	0	0
1277308	1110	130	192	199	0	0	131	253	224	255	0	0	0	0	0	0	0	0	0	0	0	0	0	0	0	0	0.16078436	0.0	0.0	0.0	1110	130	8	0
1277342	1110	130	192	199	0	0	131	253	224	255	0	0	0	0	0	0	0	0	0	0	0	0	0	0	0	0	0.5137255	-0.32549018	0.0	0.0	1110	130	41	0
1277375	1110	130	192	199	0	0	131	253	224	255	0	0	0	0	0	0	0	0	0	0	0	0	0	0	0	0	1.0	-0.88235295	0.0	0.0	1110	130	94	0
1277409	1110	130	192	199	0	0	131	253	224	255	0	0	0	0	0	0	0	0	0	0	0	0	0	0	0	0	1.0	-1.0	0.0	0.0	1110	130	100	0
1277441	1110	130	192	199	0	0	131	253	224	255	0	0	0	0	0	0	0	0	0	0	0	0	0	0	0	0	1.0	-1.0	0.0	0.0	1110	130	100	0
1277475	1110	130	192	199	0	0	131	253	224	255	0	0	0	0	0	0	0	0	0	0	0	0	0	0	0	0	1.0	-1.0	0.0	0.0	1110	130	100	0
1277508	1110	130	192	199	0	0	131	253	224	255	0	0	0	0	0	0	0	0	0	0	0	0	0	0	0	0	1.0	-1.0	0.0	0.0	1110	130	100	0
1277542	1110	130	192	199	0	0	131	253	224	255	0	0	0	0	0	0	0	0	0	0	0	0	0	0	0	0	1.0	-1.0	0.0	0.0	1110	130	100	0
1277574	1110	130	192	199	0	0	131	253	224	255	0	0	0	0	0	0	0	0	0	0	0	0	0	0	0	0	1.0	-1.0	0.0	0.0	1110	130	100	0
1277608	1110	130	192	199	0	0	131	253	224	255	0	0	0	0	0	0	0	0	0	0	0	0	0	0	0	0	1.0	-1.0	0.0	0.0	1110	130	100	0
1277641	1110	130	192	199	0	0	131	253	224	255	0	0	0	0	0	0	0	0	0	0	0	0	0	0	0	0	1.0	-1.0	0.0	0.0	1110	130	100	0
1277674	1110	130	192	199	0	0	131	253	224	255	0	0	0	0	0	0	0	0	0	0	0	0	0	0	0	0	1.0	-1.0	0.0	0.0	1110	130	100	0
1277707	1110	130	192	199	0	0	131	253	224	255	0	0	0	0	0	0	0	0	0	0	0	0	0	0	0	0	1.0	-1.0	0.0	0.0	1110	130	100	0
1277740	1110	130	192	199	0	0	131	253	224	255	0	0	0	0	0	0	0	0	0	0	0	0	0	0	0	0	1.0	-1.0	0.0	0.0	1110	130	100	0
1277773	1110	130	192	199	0	0	131	253	224	255	0	0	0	0	0	0	0	0	0	0	0	0	0	0	0	0	1.0	-1.0	0.0	0.0	1110	130	100	0
1277806	1110	130	192	199	0	0	131	253	224	255	0	0	0	0	0	0	0	0	0	0	0	0	0	0	0	0	0.20784318	-0.3960784	0.0	0.0	1110	130	30	0
1278011	1110	130	192	199	0	0	131	253	224	255	0	0	0	0	0	0	0	1	0	0	0	0	0	0	0	0	0.0	0.0	0.0	0.0	1110	130	0	0
1278040	1110	130	192	199	0	0	131	253	224	255	0	0	0	0	0	0	0	1	0	0	0	0	0	0	0	0	0.0	0.0	0.0	0.0	1110	130	0	0
1278073	1110	130	192	199	0	0	131	253	224	255	0	0	0	0	0	0	0	1	0	0	0	0	0	0	1	0	0.0	0.0	0.0	0.0	1080	130	0	0
1278106	1080	130	192	199	0	0	131	253	224	255	0	0	0	0	0	0	0	1	0	0	0	0	0	0	1	0	0.0	0.0	0.0	0.0	1050	130	0	0
1278144	1050	130	192	199	0	0	131	253	224	255	0	0	0	0	0	0	0	1	0	0	0	0	0	0	1	0	0.0	0.0	0.0	0.0	1020	130	0	0
1278173	1020	130	192	199	0	0	131	253	224	255	0	0	0	0	0	0	0	1	0	0	0	0	0	0	1	0	0.0	0.0	0.0	0.0	990	130	0	0
1278206	990	130	192	199	0	0	131	253	224	255	0	0	0	0	0	0	0	1	0	0	0	0	0	0	1	0	0.0	0.0	0.0	0.0	960	130	0	0
1278239	960	130	192	199	0	0	131	253	224	255	0	0	0	0	0	0	0	1	0	0	0	0	0	0	1	0	0.0	0.0	0.0	0.0	930	130	0	0
1278277	930	130	192	199	0	0	131	253	224	255	0	0	0	0	0	0	0	1	0	0	0	0	0	0	1	0	0.0	0.0	0.0	0.0	900	130	0	0
1278308	900	130	192	199	0	0	131	253	224	255	0	0	0	0	0	0	0	1	0	0	0	0	0	0	1	0	0.0	0.0	0.0	0.0	870	130	0	0
1278339	870	130	192	199	0	0	131	253	224	255	0	0	0	0	0	0	0	1	0	0	0	0	0	0	1	0	0.0	0.0	0.0	0.0	840	130	0	0
1278372	840	130	192	199	0	0	131	253	224	255	0	0	0	0	0	0	0	1	0	0	0	0	0	0	1	0	0.0	0.0	0.0	0.0	810	130	0	0
1278409	810	130	192	199	0	0	131	253	224	255	0	0	0	0	0	0	0	1	0	0	0	0	0	0	1	0	0.0	0.0	0.0	0.0	780	130	0	0
1278444	780	130	192	199	0	0	131	253	224	255	0	0	0	0	0	0	0	1	0	0	0	0	0	0	1	0	0.0	0.0	0.0	0.0	750	130	0	0
1278473	750	130	192	199	0	0	131	253	224	255	0	0	0	0	0	0	0	1	0	0	0	0	0	0	1	0	0.0	0.0	0.0	0.0	720	130	0	0
1278505	720	130	192	199	0	0	131	253	224	255	0	0	0	0	0	0	0	1	0	0	0	0	0	0	1	0	0.0	0.0	0.0	0.0	690	130	0	0
1278542	690	130	192	199	0	0	131	253	224	255	0	0	0	0	0	0	0	1	0	0	0	0	0	0	1	0	0.0	0.0	0.0	0.0	660	130	0	0
1278575	660	130	192	199	0	0	131	253	224	255	0	0	0	0	0	0	0	1	0	0	0	0	0	0	1	0	0.0	0.0	0.0	0.0	630	130	0	0
1278609	630	130	192	199	0	0	131	253	224	255	0	0	0	0	0	0	0	1	0	0	0	0	0	0	1	0	0.0	0.0	0.0	0.0	600	130	0	0
1278644	600	130	192	199	0	0	131	253	224	255	0	0	0	0	0	0	0	1	0	0	0	0	0	0	1	0	0.0	0.0	0.0	0.0	570	130	0	0
1278677	570	130	192	199	0	0	131	253	224	255	0	0	0	0	0	0	0	1	0	0	0	0	0	0	1	0	0.0	0.0	0.0	0.0	540	130	0	0
1278707	540	130	192	199	0	0	131	253	224	255	0	0	0	0	0	0	0	1	0	0	0	0	0	0	1	0	0.0	0.0	0.0	0.0	510	130	0	0
1278744	510	130	192	199	0	0	131	253	224	255	0	0	0	0	0	0	0	1	0	0	0	0	0	0	1	0	0.0	0.0	0.0	0.0	480	130	0	0
1278777	480	130	192	199	0	0	131	253	224	255	0	0	0	0	0	0	0	1	0	0	0	0	0	0	1	0	0.0	0.0	0.0	0.0	450	130	0	0
1279243	450	130	192	199	0	0	131	253	224	255	0	0	0	0	0	0	0	0	0	0	0	0	0	0	0	0	0.22352946	0.0	0.0	0.0	450	130	11	0
1279274	450	130	192	199	0	0	131	253	224	255	0	0	0	0	0	0	0	0	0	0	0	0	0	0	0	0	0.4901961	-0.3960784	0.0	0.0	450	130	44	0
1279307	450	130	192	199	0	0	131	253	224	255	0	0	0	0	0	0	0	0	0	0	0	0	0	0	0	0	0.8117647	-0.8980392	0.0	0.0	450	130	85	0
1279341	450	130	192	199	0	0	131	253	224	255	0	0	0	0	0	0	0	0	0	0	0	0	0	0	0	0	1.0	-1.0	0.0	0.0	450	130	100	0
1279373	450	130	192	199	0	0	131	253	224	255	0	0	0	0	0	0	0	0	0	0	0	0	0	0	0	0	1.0	-1.0	0.0	0.0	450	130	100	0
1279410	450	130	192	199	0	0	131	253	224	255	0	0	0	0	0	0	0	0	0	0	0	0	0	0	0	0	1.0	-1.0	0.0	0.0	450	130	100	0
1279444	450	130	192	199	0	0	131	253	224	255	0	0	0	0	0	0	0	0	0	0	0	0	0	0	0	0	1.0	-1.0	0.0	0.0	450	130	100	0
1279477	450	130	192	199	0	0	131	253	224	255	0	0	0	0	0	0	0	0	0	0	0	0	0	0	0	0	1.0	-1.0	0.0	0.0	450	130	100	0
1279506	450	130	192	199	0	0	131	253	224	255	0	0	0	0	0	0	0	0	0	0	0	0	0	0	0	0	1.0	-1.0	0.0	0.0	450	130	100	0
1279544	450	130	192	199	0	0	131	253	224	255	0	0	0	0	0	0	0	0	0	0	0	0	0	0	0	0	1.0	-1.0	0.0	0.0	450	130	100	0
1279577	450	130	192	199	0	0	131	253	224	255	0	0	0	0	0	0	0	0	0	0	0	0	0	0	0	0	1.0	-1.0	0.0	0.0	450	130	100	0
1279610	450	130	192	199	0	0	131	253	224	255	0	0	0	0	0	0	0	0	0	0	0	0	0	0	0	0	1.0	-1.0	0.0	0.0	450	130	100	0
1279644	450	130	192	199	0	0	131	253	224	255	0	0	0	0	0	0	0	0	0	0	0	0	0	0	0	0	1.0	-1.0	0.0	0.0	450	130	100	0
1279677	450	130	192	199	0	0	131	253	224	255	0	0	0	0	0	0	0	0	0	0	0	0	0	0	0	0	1.0	-0.9607843	0.0	0.0	450	130	98	0
1279710	450	130	192	199	0	0	131	253	224	255	0	0	0	0	0	0	0	0	0	0	0	0	0	0	0	0	0.3176471	-0.38039213	0.0	0.0	450	130	34	0
1279910	450	130	192	199	0	0	131	253	224	255	0	0	0	0	0	0	0	1	0	0	0	0	0	0	0	0	0.0	0.0	0.0	0.0	450	130	0	0
1279943	450	130	192	199	0	0	131	253	224	255	0	0	0	0	0	0	0	1	0	0	0	0	0	0	0	0	0.0	0.0	0.0	0.0	450	130	0	0
1279976	450	130	192	199	0	0	131	253	224	255	0	0	0	0	0	0	0	1	0	0	0	0	0	0	0	0	0.0	0.0	0.0	0.0	450	130	0	0
1280009	450	130	192	199	0	0	131	253	224	255	0	0	0	0	0	0	0	1	0	0	0	0	0	0	0	0	0.0	0.0	0.0	0.0	450	130	0	0
1280042	450	130	192	199	0	0	131	253	224	255	0	0	0	0	0	0	0	1	0	0	0	0	0	0	0	1	0.0	0.0	0.0	0.0	480	130	0	0
1280075	480	130	192	199	0	0	131	253	224	255	0	0	0	0	0	0	0	1	0	0	0	0	0	0	0	1	0.0	0.0	0.0	0.0	510	130	0	0
1280109	510	130	192	199	0	0	131	253	224	255	0	0	0	0	0	0	0	1	0	0	0	0	0	0	0	1	0.0	0.0	0.0	0.0	540	130	0	0
1280142	540	130	192	199	0	0	131	253	224	255	0	0	0	0	0	0	0	1	0	0	0	0	0	0	0	1	0.0	0.0	0.0	0.0	570	130	0	0
1280176	570	130	192	199	0	0	131	253	224	255	0	0	0	0	0	0	0	1	0	0	0	0	0	0	0	1	0.0	0.0	0.0	0.0	600	130	0	0
1280208	600	130	192	199	0	0	131	253	224	255	0	0	0	0	0	0	0	1	0	0	0	0	0	0	0	1	0.0	0.0	0.0	0.0	630	130	0	0
1280242	630	130	192	199	0	0	131	253	224	255	0	0	0	0	0	0	0	1	0	0	0	0	0	0	0	1	0.0	0.0	0.0	0.0	660	130	0	0
1280275	660	130	192	199	0	0	131	253	224	255	0	0	0	0	0	0	0	1	0	0	0	0	0	0	0	1	0.0	0.0	0.0	0.0	690	130	0	0
1280309	690	130	192	199	0	0	131	253	224	255	0	0	0	0	0	0	0	1	0	0	0	0	0	0	0	1	0.0	0.0	0.0	0.0	720	130	0	0
1280508	720	130	192	199	0	0	131	253	224	255	0	0	0	0	0	0	0	0	0	0	0	0	0	0	0	0	0.17647064	0.0	0.0	0.0	720	130	8	0
1280541	720	130	192	199	0	0	131	253	224	255	0	0	0	0	0	0	0	0	0	0	0	0	0	0	0	0	0.49803925	-0.3960784	0.0	0.0	720	130	44	0
1280575	720	130	192	199	0	0	131	253	224	255	0	0	0	0	0	0	0	0	0	0	0	0	0	0	0	0	1.0	-1.0	0.0	0.0	720	130	100	0
1280608	720	130	192	199	0	0	131	253	224	255	0	0	0	0	0	0	0	0	0	0	0	0	0	0	0	0	1.0	-1.0	0.0	0.0	720	130	100	0
1280642	720	130	192	199	0	0	131	253	224	255	0	0	0	0	0	0	0	0	0	0	0	0	0	0	0	0	1.0	-1.0	0.0	0.0	720	130	100	0
1280675	720	130	192	199	0	0	131	253	224	255	0	0	0	0	0	0	0	0	0	0	0	0	0	0	0	0	1.0	-1.0	0.0	0.0	720	130	100	0
1280708	720	130	192	199	0	0	131	253	224	255	0	0	0	0	0	0	0	0	0	0	0	0	0	0	0	0	1.0	-1.0	0.0	0.0	720	130	100	0
1280741	720	130	192	199	0	0	131	253	224	255	0	0	0	0	0	0	0	0	0	0	0	0	0	0	0	0	1.0	-1.0	0.0	0.0	720	130	100	0
1280775	720	130	192	199	0	0	131	253	224	255	0	0	0	0	0	0	0	0	0	0	0	0	0	0	0	0	1.0	-1.0	0.0	0.0	720	130	100	0
1280809	720	130	192	199	0	0	131	253	224	255	0	0	0	0	0	0	0	0	0	0	0	0	0	0	0	0	1.0	-1.0	0.0	0.0	720	130	100	0
1280840	720	130	192	199	0	0	131	253	224	255	0	0	0	0	0	0	0	0	0	0	0	0	0	0	0	0	1.0	-1.0	0.0	0.0	720	130	100	0
1280874	720	130	192	199	0	0	131	253	224	255	0	0	0	0	0	0	0	0	0	0	0	0	0	0	0	0	1.0	-1.0	0.0	0.0	720	130	100	0
1280907	720	130	192	199	0	0	131	253	224	255	0	0	0	0	0	0	0	0	0	0	0	0	0	0	0	0	1.0	-1.0	0.0	0.0	720	130	100	0
1280941	720	130	192	199	0	0	131	253	224	255	0	0	0	0	0	0	0	0	0	0	0	0	0	0	0	0	0.96862745	-1.0	0.0	0.0	720	130	98	0
1280974	720	130	192	199	0	0	131	253	224	255	0	0	0	0	0	0	0	0	0	0	0	0	0	0	0	0	0.4039216	-0.79607844	0.0	0.0	720	130	60	0
1281206	720	130	192	199	0	0	131	253	224	255	0	0	0	0	0	0	0	1	0	0	0	0	0	0	0	0	0.0	0.0	0.0	0.0	720	130	0	0
1281240	720	130	192	199	0	0	131	253	224	255	0	0	0	0	0	0	0	1	0	0	0	0	0	0	0	0	0.0	0.0	0.0	0.0	720	130	0	0
1281273	720	130	192	199	0	0	131	253	224	255	0	0	0	0	0	0	0	1	0	0	0	0	0	0	1	0	0.0	0.0	0.0	0.0	690	130	0	0
1281306	690	130	192	199	0	0	131	253	224	255	0	0	0	0	0	0	0	1	0	0	0	0	0	0	1	0	0.0	0.0	0.0	0.0	660	130	0	0
1281341	660	130	192	199	0	0	131	253	224	255	0	0	0	0	0	0	0	1	0	0	0	0	0	0	1	0	0.0	0.0	0.0	0.0	630	130	0	0
1281373	630	130	192	199	0	0	131	253	224	255	0	0	0	0	0	0	0	1	0	0	0	0	0	0	1	0	0.0	0.0	0.0	0.0	600	130	0	0
1281406	600	130	192	199	0	0	131	253	224	255	0	0	0	0	0	0	0	1	0	0	0	0	0	0	1	0	0.0	0.0	0.0	0.0	570	130	0	0
1281444	570	130	192	199	0	0	131	253	224	255	0	0	0	0	0	0	0	1	0	0	0	0	0	0	1	0	0.0	0.0	0.0	0.0	540	130	0	0
1281472	540	130	192	199	0	0	131	253	224	255	0	0	0	0	0	0	0	1	0	0	0	0	0	0	1	0	0.0	0.0	0.0	0.0	510	130	0	0
1281506	510	130	192	199	0	0	131	253	224	255	0	0	0	0	0	0	0	1	0	0	0	0	0	0	1	0	0.0	0.0	0.0	0.0	480	130	0	0
1281541	480	130	192	199	0	0	131	253	224	255	0	0	0	0	0	0	0	1	0	0	0	0	0	0	1	0	0.0	0.0	0.0	0.0	450	130	0	0
1281573	450	130	192	199	0	0	131	253	224	255	0	0	0	0	0	0	0	1	0	0	0	0	0	0	1	0	0.0	0.0	0.0	0.0	420	130	0	0
1281607	420	130	192	199	0	0	131	253	224	255	0	0	0	0	0	0	0	1	0	0	0	0	0	0	1	0	0.0	0.0	0.0	0.0	390	130	0	0
1281641	390	130	192	199	0	0	131	253	224	255	0	0	0	0	0	0	0	1	0	0	0	0	0	0	1	0	0.0	0.0	0.0	0.0	360	130	0	0
1281677	360	130	192	199	0	0	131	253	224	255	0	0	0	0	0	0	0	1	0	0	0	0	0	0	1	0	0.0	0.0	0.0	0.0	330	130	0	0
1281706	330	130	192	199	0	0	131	253	224	255	0	0	0	0	0	0	0	1	0	0	0	0	0	0	1	0	0.0	0.0	0.0	0.0	300	130	0	0
1281740	300	130	192	199	0	0	131	253	224	255	0	0	0	0	0	0	0	1	0	0	0	0	0	0	1	0	0.0	0.0	0.0	0.0	270	130	0	0
1281774	270	130	192	199	0	0	131	253	224	255	0	0	0	0	0	0	0	1	0	0	0	0	0	0	1	0	0.0	0.0	0.0	0.0	240	130	0	0
1281809	240	130	192	199	0	0	131	253	224	255	0	0	0	0	0	0	0	1	0	0	0	0	0	0	1	0	0.0	0.0	0.0	0.0	210	130	0	0
1281843	210	130	192	199	0	0	131	253	224	255	0	0	0	0	0	0	0	1	0	0	0	0	0	0	1	0	0.0	0.0	0.0	0.0	180	130	0	0
1281877	180	130	192	199	0	0	131	253	224	255	0	0	0	0	0	0	0	1	0	0	0	0	0	0	1	0	0.0	0.0	0.0	0.0	150	130	0	0
1281910	150	130	192	199	0	0	131	253	224	255	0	0	0	0	0	0	0	1	0	0	0	0	0	0	1	0	0.0	0.0	0.0	0.0	120	130	0	0
1281939	120	130	192	199	0	0	131	253	224	255	0	0	0	0	0	0	0	1	0	0	0	0	0	0	1	0	0.0	0.0	0.0	0.0	90	130	0	0
1281977	90	130	192	199	0	0	131	253	224	255	0	0	0	0	0	0	0	1	0	0	0	0	0	0	0	0	0.0	0.0	0.0	0.0	90	130	0	0
1282409	90	130	192	199	0	0	131	253	224	255	0	0	0	0	0	0	0	0	0	0	0	0	0	0	0	0	0.28627455	-0.18431371	0.0	0.0	90	130	23	0
1282439	90	130	192	199	0	0	131	253	224	255	0	0	0	0	0	0	0	0	0	0	0	0	0	0	0	0	0.54509807	-0.5529412	0.0	0.0	90	130	54	0
1282476	90	130	192	199	0	0	131	253	224	255	0	0	0	0	0	0	0	0	0	0	0	0	0	0	0	0	0.9529412	-1.0	0.0	0.0	90	130	97	0
1282512	90	130	192	199	0	0	131	253	224	255	0	0	0	0	0	0	0	0	0	0	0	0	0	0	0	0	1.0	-1.0	0.0	0.0	90	130	100	0
1282540	90	130	192	199	0	0	131	253	224	255	0	0	0	0	0	0	0	0	0	0	0	0	0	0	0	0	1.0	-1.0	0.0	0.0	90	130	100	0
1282573	90	130	192	199	0	0	131	253	224	255	0	0	0	0	0	0	0	0	0	0	0	0	0	0	0	0	1.0	-1.0	0.0	0.0	90	130	100	0
1282606	90	130	192	199	0	0	131	253	224	255	0	0	0	0	0	0	0	0	0	0	0	0	0	0	0	0	1.0	-1.0	0.0	0.0	90	130	100	0
1282644	90	130	192	199	0	0	131	253	224	255	0	0	0	0	0	0	0	0	0	0	0	0	0	0	0	0	1.0	-1.0	0.0	0.0	90	130	100	0
1282673	90	130	192	199	0	0	131	253	224	255	0	0	0	0	0	0	0	0	0	0	0	0	0	0	0	0	1.0	-1.0	0.0	0.0	90	130	100	0
1282707	90	130	192	199	0	0	131	253	224	255	0	0	0	0	0	0	0	0	0	0	0	0	0	0	0	0	1.0	-1.0	0.0	0.0	90	130	100	0
1282740	90	130	192	199	0	0	131	253	224	255	0	0	0	0	0	0	0	0	0	0	0	0	0	0	0	0	1.0	-1.0	0.0	0.0	90	130	100	0
1282773	90	130	192	199	0	0	131	253	224	255	0	0	0	0	0	0	0	0	0	0	0	0	0	0	0	0	1.0	-1.0	0.0	0.0	90	130	100	0
1282806	90	130	192	199	0	0	131	253	224	255	0	0	0	0	0	0	0	0	0	0	0	0	0	0	0	0	1.0	-1.0	0.0	0.0	90	130	100	0
1282840	90	130	192	199	0	0	131	253	224	255	0	0	0	0	0	0	0	0	0	0	0	0	0	0	0	0	0.92941177	-1.0	0.0	0.0	90	130	96	0
1282873	90	130	192	199	0	0	131	253	224	255	0	0	0	0	0	0	0	0	0	0	0	0	0	0	0	0	0.3803922	-0.7647059	0.0	0.0	90	130	57	0
1282906	90	130	192	199	0	0	131	253	224	255	0	0	0	0	0	0	0	0	0	0	0	0	0	0	0	0	0.0	-0.17647058	0.0	0.0	90	130	8	0
