millis	xpos	ypos	sX	sY	dpX	dpY	red	green	blue	opacity	A1	A2	A3	A4	L1	R1	L2	R2	S1	S2	M1	M2	up	down	left	right	anlgX	anlgY	anlgU	anlgV	x_mean	y_mean	joy1_int	joy2_int
5219114	67	656	382	40	344	217	254	176	95	255	0	0	0	0	0	0	0	0	1	0	0	0	0	0	0	0	0.0	0.0	0.0	0.0	450	503	0	0
5219878	101	425	255	322	63	178	254	176	95	255	0	0	0	0	0	0	1	0	0	0	0	0	0	0	0	0	0.0	0.0	0.0	0.0	450	503	0	0
5219917	509	553	49	325	63	9	72	134	162	255	0	0	0	0	0	0	1	0	0	0	0	0	0	0	0	0	0.0	0.0	0.0	0.0	450	503	0	0
5219944	500	496	369	323	164	54	195	159	212	255	0	0	0	0	0	0	1	0	0	0	0	0	0	0	0	0	0.0	0.0	0.0	0.0	450	503	0	0
5223644	56	481	369	323	164	54	53	64	27	255	0	0	0	0	0	0	0	0	0	0	0	0	0	0	0	0	0.15294123	0.0	0.0	0.0	450	503	7	0
5223682	553	472	369	323	164	54	53	64	27	255	0	0	0	0	0	0	0	0	0	0	0	0	0	0	0	0	0.1686275	-0.1607843	0.0	0.0	450	503	16	0
5223710	343	615	369	323	164	54	53	64	27	255	0	0	0	0	0	0	0	0	0	0	0	0	0	0	0	0	0.18431377	-0.1607843	0.0	0.0	450	503	17	0
5223748	749	489	369	323	164	54	53	64	27	255	0	0	0	0	0	0	0	0	0	0	0	0	0	0	0	0	0.19215691	-0.17647058	0.0	0.0	450	503	18	0
5223784	516	513	369	323	164	54	53	64	27	255	0	0	0	0	0	0	0	0	0	0	0	0	0	0	0	0	0.19215691	-0.17647058	0.0	0.0	450	503	18	0
5223815	501	581	369	323	164	54	53	64	27	255	0	0	0	0	0	0	0	0	0	0	0	0	0	0	0	0	0.19215691	-0.17647058	0.0	0.0	450	503	18	0
5223851	294	471	369	323	164	54	53	64	27	255	0	0	0	0	0	0	0	0	0	0	0	0	0	0	0	0	0.20784318	-0.1607843	0.0	0.0	450	503	18	0
5223883	234	423	369	323	164	54	53	64	27	255	0	0	0	0	0	0	0	0	0	0	0	0	0	0	0	0	0.20784318	-0.1607843	0.0	0.0	450	503	18	0
5223918	526	384	369	323	164	54	53	64	27	255	0	0	0	0	0	0	0	0	0	0	0	0	0	0	0	0	0.20784318	-0.1607843	0.0	0.0	450	503	18	0
5223943	523	581	369	323	164	54	53	64	27	255	0	0	0	0	0	0	0	0	0	0	0	0	0	0	0	0	0.20784318	-0.1607843	0.0	0.0	450	503	18	0
5223982	426	568	369	323	164	54	53	64	27	255	0	0	0	0	0	0	0	0	0	0	0	0	0	0	0	0	0.20784318	-0.1607843	0.0	0.0	450	503	18	0
5224018	623	444	369	323	164	54	53	64	27	255	0	0	0	0	0	0	0	0	0	0	0	0	0	0	0	0	0.20784318	-0.1607843	0.0	0.0	450	503	18	0
5224051	702	442	369	323	164	54	53	64	27	255	0	0	0	0	0	0	0	0	0	0	0	0	0	0	0	0	0.20784318	-0.1607843	0.0	0.0	450	503	18	0
5224084	438	546	369	323	164	54	53	64	27	255	0	0	0	0	0	0	0	0	0	0	0	0	0	0	0	0	0.20784318	-0.1607843	0.0	0.0	450	503	18	0
5224118	474	444	369	323	164	54	53	64	27	255	0	0	0	0	0	0	0	0	0	0	0	0	0	0	0	0	0.20784318	-0.1607843	0.0	0.0	450	503	18	0
5224151	319	470	369	323	164	54	53	64	27	255	0	0	0	0	0	0	0	0	0	0	0	0	0	0	0	0	0.20784318	-0.1607843	0.0	0.0	450	503	18	0
5224183	239	514	369	323	164	54	53	64	27	255	0	0	0	0	0	0	0	0	0	0	0	0	0	0	0	0	0.20784318	-0.1607843	0.0	0.0	450	503	18	0
5224217	450	490	369	323	164	54	53	64	27	255	0	0	0	0	0	0	0	0	0	0	0	0	0	0	0	0	0.20784318	-0.1607843	0.0	0.0	450	503	18	0
5224251	334	445	369	323	164	54	53	64	27	255	0	0	0	0	0	0	0	0	0	0	0	0	0	0	0	0	0.20784318	-0.1607843	0.0	0.0	450	503	18	0
5224283	282	544	369	323	164	54	53	64	27	255	0	0	0	0	0	0	0	0	0	0	0	0	0	0	0	0	0.20784318	-0.1607843	0.0	0.0	450	503	18	0
5224317	580	465	369	323	164	54	53	64	27	255	0	0	0	0	0	0	0	0	0	0	0	0	0	0	0	0	0.20784318	-0.1607843	0.0	0.0	450	503	18	0
5224350	448	465	369	323	164	54	53	64	27	255	0	0	0	0	0	0	0	0	0	0	0	0	0	0	0	0	0.20784318	-0.1607843	0.0	0.0	450	503	18	0
5224382	346	512	369	323	164	54	53	64	27	255	0	0	0	0	0	0	0	0	0	0	0	0	0	0	0	0	0.20784318	-0.1607843	0.0	0.0	450	503	18	0
5224417	757	502	369	323	164	54	53	64	27	255	0	0	0	0	0	0	0	0	0	0	0	0	0	0	0	0	0.20784318	-0.1607843	0.0	0.0	450	503	18	0
5224450	457	563	369	323	164	54	53	64	27	255	0	0	0	0	0	0	0	0	0	0	0	0	0	0	0	0	0.20784318	-0.1607843	0.0	0.0	450	503	18	0
5224483	464	593	369	323	164	54	53	64	27	255	0	0	0	0	0	0	0	0	0	0	0	0	0	0	0	0	0.22352946	-0.1607843	0.0	0.0	450	503	19	0
5224517	516	422	369	323	164	54	53	64	27	255	0	0	0	0	0	0	0	0	0	0	0	0	0	0	0	0	0.28627455	-0.2235294	0.0	0.0	450	503	25	0
5224550	422	468	369	323	164	54	53	64	27	255	0	0	0	0	0	0	0	0	0	0	0	0	0	0	0	0	0.427451	-0.29411763	0.0	0.0	450	503	36	0
5224582	369	424	369	323	164	54	53	64	27	255	0	0	0	0	0	0	0	0	0	0	0	0	0	0	0	0	0.4666667	-0.3098039	0.0	0.0	450	503	38	0
5224616	191	464	369	323	164	54	53	64	27	255	0	0	0	0	0	0	0	0	0	0	0	0	0	0	0	0	0.6392157	-0.38823527	0.0	0.0	450	503	51	0
5224648	440	473	369	323	164	54	53	64	27	255	0	0	0	0	0	0	0	0	0	0	0	0	0	0	0	0	1.0	-0.58431375	0.0	0.0	450	503	79	0
5224683	269	515	369	323	164	54	53	64	27	255	0	0	0	0	0	0	0	0	0	0	0	0	0	0	0	0	1.0	-0.70980394	0.0	0.0	450	503	85	0
5224717	569	527	369	323	164	54	53	64	27	255	0	0	0	0	0	0	0	0	0	0	0	0	0	0	0	0	1.0	-0.8509804	0.0	0.0	450	503	92	0
5224750	522	563	369	323	164	54	53	64	27	255	0	0	0	0	0	0	0	0	0	0	0	0	0	0	0	0	1.0	-0.9607843	0.0	0.0	450	503	98	0
5224783	499	523	369	323	164	54	53	64	27	255	0	0	0	0	0	0	0	0	0	0	0	0	0	0	0	0	1.0	-1.0	0.0	0.0	450	503	100	0
5224817	453	489	369	323	164	54	53	64	27	255	0	0	0	0	0	0	0	0	0	0	0	0	0	0	0	0	1.0	-1.0	0.0	0.0	450	503	100	0
5224850	220	436	369	323	164	54	53	64	27	255	0	0	0	0	0	0	0	0	0	0	0	0	0	0	0	0	1.0	-1.0	0.0	0.0	450	503	100	0
5224882	360	445	369	323	164	54	53	64	27	255	0	0	0	0	0	0	0	0	0	0	0	0	0	0	0	0	1.0	-1.0	0.0	0.0	450	503	100	0
5224916	251	534	369	323	164	54	53	64	27	255	0	0	0	0	0	0	0	0	0	0	0	0	0	0	0	0	1.0	-1.0	0.0	0.0	450	503	100	0
5224950	521	573	369	323	164	54	53	64	27	255	0	0	0	0	0	0	0	0	0	0	0	0	0	0	0	0	1.0	-1.0	0.0	0.0	450	503	100	0
5224981	207	539	369	323	164	54	53	64	27	255	0	0	0	0	0	0	0	0	0	0	0	0	0	0	0	0	1.0	-1.0	0.0	0.0	450	503	100	0
5225016	329	478	369	323	164	54	53	64	27	255	0	0	0	0	0	0	0	0	0	0	0	0	0	0	0	0	1.0	-1.0	0.0	0.0	450	503	100	0
5225049	655	473	369	323	164	54	53	64	27	255	0	0	0	0	0	0	0	0	0	0	0	0	0	0	0	0	1.0	-1.0	0.0	0.0	450	503	100	0
5225082	688	521	369	323	164	54	53	64	27	255	0	0	0	0	0	0	0	0	0	0	0	0	0	0	0	0	1.0	-1.0	0.0	0.0	450	503	100	0
5225114	761	549	369	323	164	54	53	64	27	255	0	0	0	0	0	0	0	0	0	0	0	0	0	0	0	0	1.0	-1.0	0.0	0.0	450	503	100	0
5225149	237	457	369	323	164	54	53	64	27	255	0	0	0	0	0	0	0	0	0	0	0	0	0	0	0	0	1.0	-1.0	0.0	0.0	450	503	100	0
5225182	342	474	369	323	164	54	53	64	27	255	0	0	0	0	0	0	0	0	0	0	0	0	0	0	0	0	1.0	-1.0	0.0	0.0	450	503	100	0
5225216	627	491	369	323	164	54	53	64	27	255	0	0	0	0	0	0	0	0	0	0	0	0	0	0	0	0	1.0	-1.0	0.0	0.0	450	503	100	0
5225249	502	491	369	323	164	54	53	64	27	255	0	0	0	0	0	0	0	0	0	0	0	0	0	0	0	0	1.0	-1.0	0.0	0.0	450	503	100	0
5225282	749	487	369	323	164	54	53	64	27	255	0	0	0	0	0	0	0	0	0	0	0	0	0	0	0	0	1.0	-1.0	0.0	0.0	450	503	100	0
5225315	446	444	369	323	164	54	53	64	27	255	0	0	0	0	0	0	0	0	0	0	0	0	0	0	0	0	1.0	-1.0	0.0	0.0	450	503	100	0
5225349	606	456	369	323	164	54	53	64	27	255	0	0	0	0	0	0	0	0	0	0	0	0	0	0	0	0	1.0	-1.0	0.0	0.0	450	503	100	0
5225382	402	468	369	323	164	54	53	64	27	255	0	0	0	0	0	0	0	0	0	0	0	0	0	0	0	0	1.0	-1.0	0.0	0.0	450	503	100	0
5225415	177	427	369	323	164	54	53	64	27	255	0	0	0	0	0	0	0	0	0	0	0	0	0	0	0	0	1.0	-1.0	0.0	0.0	450	503	100	0
5225448	570	455	369	323	164	54	53	64	27	255	0	0	0	0	0	0	0	0	0	0	0	0	0	0	0	0	1.0	-1.0	0.0	0.0	450	503	100	0
5225482	380	428	369	323	164	54	53	64	27	255	0	0	0	0	0	0	0	0	0	0	0	0	0	0	0	0	1.0	-1.0	0.0	0.0	450	503	100	0
5225515	564	501	369	323	164	54	53	64	27	255	0	0	0	0	0	0	0	0	0	0	0	0	0	0	0	0	1.0	-1.0	0.0	0.0	450	503	100	0
5225548	813	505	369	323	164	54	53	64	27	255	0	0	0	0	0	0	0	0	0	0	0	0	0	0	0	0	1.0	-1.0	0.0	0.0	450	503	100	0
5225579	543	534	369	323	164	54	53	64	27	255	0	0	0	0	0	0	0	0	0	0	0	0	0	0	0	0	1.0	-1.0	0.0	0.0	450	503	100	0
5225615	376	549	369	323	164	54	53	64	27	255	0	0	0	0	0	0	0	0	0	0	0	0	0	0	0	0	1.0	-1.0	0.0	0.0	450	503	100	0
5225648	512	478	369	323	164	54	53	64	27	255	0	0	0	0	0	0	0	0	0	0	0	0	0	0	0	0	1.0	-1.0	0.0	0.0	450	503	100	0
5225681	531	586	369	323	164	54	53	64	27	255	0	0	0	0	0	0	0	0	0	0	0	0	0	0	0	0	1.0	-1.0	0.0	0.0	450	503	100	0
5225714	591	452	369	323	164	54	53	64	27	255	0	0	0	0	0	0	0	0	0	0	0	0	0	0	0	0	1.0	-1.0	0.0	0.0	450	503	100	0
5225748	527	438	369	323	164	54	53	64	27	255	0	0	0	0	0	0	0	0	0	0	0	0	0	0	0	0	1.0	-1.0	0.0	0.0	450	503	100	0
5225781	564	486	369	323	164	54	53	64	27	255	0	0	0	0	0	0	0	0	0	0	0	0	0	0	0	0	1.0	-1.0	0.0	0.0	450	503	100	0
5225814	464	486	369	323	164	54	53	64	27	255	0	0	0	0	0	0	0	0	0	0	0	0	0	0	0	0	1.0	-1.0	0.0	0.0	450	503	100	0
5225847	353	468	369	323	164	54	53	64	27	255	0	0	0	0	0	0	0	0	0	0	0	0	0	0	0	0	1.0	-1.0	0.0	0.0	450	503	100	0
5225881	437	491	369	323	164	54	53	64	27	255	0	0	0	0	0	0	0	0	0	0	0	0	0	0	0	0	1.0	-1.0	0.0	0.0	450	503	100	0
5225913	598	568	369	323	164	54	53	64	27	255	0	0	0	0	0	0	0	0	0	0	0	0	0	0	0	0	1.0	-1.0	0.0	0.0	450	503	100	0
5225946	553	509	369	323	164	54	53	64	27	255	0	0	0	0	0	0	0	0	0	0	0	0	0	0	0	0	1.0	-1.0	0.0	0.0	450	503	100	0
5225980	120	526	369	323	164	54	53	64	27	255	0	0	0	0	0	0	0	0	0	0	0	0	0	0	0	0	1.0	-1.0	0.0	0.0	450	503	100	0
5226019	526	496	369	323	164	54	53	64	27	255	0	0	0	0	0	0	0	0	0	0	0	0	0	0	0	0	1.0	-1.0	0.0	0.0	450	503	100	0
5226046	643	556	369	323	164	54	53	64	27	255	0	0	0	0	0	0	0	0	0	0	0	0	0	0	0	0	1.0	-1.0	0.0	0.0	450	503	100	0
5226082	412	573	369	323	164	54	53	64	27	255	0	0	0	0	0	0	0	0	0	0	0	0	0	0	0	0	1.0	-1.0	0.0	0.0	450	503	100	0
5226118	312	476	369	323	164	54	53	64	27	255	0	0	0	0	0	0	0	0	0	0	0	0	0	0	0	0	1.0	-1.0	0.0	0.0	450	503	100	0
5226147	692	542	369	323	164	54	53	64	27	255	0	0	0	0	0	0	0	0	0	0	0	0	0	0	0	0	1.0	-1.0	0.0	0.0	450	503	100	0
5226180	530	499	369	323	164	54	53	64	27	255	0	0	0	0	0	0	0	0	0	0	0	0	0	0	0	0	1.0	-1.0	0.0	0.0	450	503	100	0
5226213	373	549	369	323	164	54	53	64	27	255	0	0	0	0	0	0	0	0	0	0	0	0	0	0	0	0	1.0	-1.0	0.0	0.0	450	503	100	0
5226246	96	462	369	323	164	54	53	64	27	255	0	0	0	0	0	0	0	0	0	0	0	0	0	0	0	0	1.0	-1.0	0.0	0.0	450	503	100	0
5226280	378	528	369	323	164	54	53	64	27	255	0	0	0	0	0	0	0	0	0	0	0	0	0	0	0	0	1.0	-1.0	0.0	0.0	450	503	100	0
5226313	630	605	369	323	164	54	53	64	27	255	0	0	0	0	0	0	0	0	0	0	0	0	0	0	0	0	1.0	-1.0	0.0	0.0	450	503	100	0
5226346	-13	565	369	323	164	54	53	64	27	255	0	0	0	0	0	0	0	0	0	0	0	0	0	0	0	0	1.0	-1.0	0.0	0.0	450	503	100	0
5226380	281	538	369	323	164	54	53	64	27	255	0	0	0	0	0	0	0	0	0	0	0	0	0	0	0	0	1.0	-1.0	0.0	0.0	450	503	100	0
5226413	359	568	369	323	164	54	53	64	27	255	0	0	0	0	0	0	0	0	0	0	0	0	0	0	0	0	1.0	-1.0	0.0	0.0	450	503	100	0
5226446	477	501	369	323	164	54	53	64	27	255	0	0	0	0	0	0	0	0	0	0	0	0	0	0	0	0	1.0	-1.0	0.0	0.0	450	503	100	0
5226479	369	580	369	323	164	54	53	64	27	255	0	0	0	0	0	0	0	0	0	0	0	0	0	0	0	0	1.0	-1.0	0.0	0.0	450	503	100	0
5226512	111	561	369	323	164	54	53	64	27	255	0	0	0	0	0	0	0	0	0	0	0	0	0	0	0	0	1.0	-1.0	0.0	0.0	450	503	100	0
5226546	405	374	369	323	164	54	53	64	27	255	0	0	0	0	0	0	0	0	0	0	0	0	0	0	0	0	1.0	-1.0	0.0	0.0	450	503	100	0
5226579	480	491	369	323	164	54	53	64	27	255	0	0	0	0	0	0	0	0	0	0	0	0	0	0	0	0	1.0	-1.0	0.0	0.0	450	503	100	0
5226617	427	500	369	323	164	54	53	64	27	255	0	0	0	0	0	0	0	0	0	0	0	0	0	0	0	0	1.0	-1.0	0.0	0.0	450	503	100	0
5226645	289	438	369	323	164	54	53	64	27	255	0	0	0	0	0	0	0	0	0	0	0	0	0	0	0	0	1.0	-1.0	0.0	0.0	450	503	100	0
5226685	339	506	369	323	164	54	53	64	27	255	0	0	0	0	0	0	0	0	0	0	0	0	0	0	0	0	1.0	-1.0	0.0	0.0	450	503	100	0
5226712	488	538	369	323	164	54	53	64	27	255	0	0	0	0	0	0	0	0	0	0	0	0	0	0	0	0	1.0	-1.0	0.0	0.0	450	503	100	0
5226752	599	392	369	323	164	54	53	64	27	255	0	0	0	0	0	0	0	0	0	0	0	0	0	0	0	0	1.0	-1.0	0.0	0.0	450	503	100	0
5226785	572	586	369	323	164	54	53	64	27	255	0	0	0	0	0	0	0	0	0	0	0	0	0	0	0	0	1.0	-1.0	0.0	0.0	450	503	100	0
5226812	450	485	369	323	164	54	53	64	27	255	0	0	0	0	0	0	0	0	0	0	0	0	0	0	0	0	1.0	-1.0	0.0	0.0	450	503	100	0
5226845	295	517	369	323	164	54	53	64	27	255	0	0	0	0	0	0	0	0	0	0	0	0	0	0	0	0	1.0	-1.0	0.0	0.0	450	503	100	0
5226885	399	497	369	323	164	54	53	64	27	255	0	0	0	0	0	0	0	0	0	0	0	0	0	0	0	0	1.0	-1.0	0.0	0.0	450	503	100	0
5226918	380	421	369	323	164	54	53	64	27	255	0	0	0	0	0	0	0	0	0	0	0	0	0	0	0	0	1.0	-1.0	0.0	0.0	450	503	100	0
5226945	509	536	369	323	164	54	53	64	27	255	0	0	0	0	0	0	0	0	0	0	0	0	0	0	0	0	1.0	-1.0	0.0	0.0	450	503	100	0
5226984	165	433	369	323	164	54	53	64	27	255	0	0	0	0	0	0	0	0	0	0	0	0	0	0	0	0	1.0	-1.0	0.0	0.0	450	503	100	0
5227016	632	566	369	323	164	54	53	64	27	255	0	0	0	0	0	0	0	0	0	0	0	0	0	0	0	0	0.88235295	-0.84313726	0.0	0.0	450	503	86	0
5227416	366	628	369	323	164	54	53	64	27	255	0	0	0	0	0	0	0	0	0	0	0	0	0	0	0	0	0.47450984	-0.3490196	0.0	0.0	450	503	41	0
5227448	610	484	369	323	164	54	53	64	27	255	0	0	0	0	0	0	0	0	0	0	0	0	0	0	0	0	1.0	-0.6392157	0.0	0.0	450	503	81	0
5227483	576	517	369	323	164	54	53	64	27	255	0	0	0	0	0	0	0	0	0	0	0	0	0	0	0	0	1.0	-0.88235295	0.0	0.0	450	503	94	0
5227516	208	506	369	323	164	54	53	64	27	255	0	0	0	0	0	0	0	0	0	0	0	0	0	0	0	0	1.0	-0.9529412	0.0	0.0	450	503	97	0
5227550	593	476	369	323	164	54	53	64	27	255	0	0	0	0	0	0	0	0	0	0	0	0	0	0	0	0	1.0	-0.9843137	0.0	0.0	450	503	99	0
5227583	407	477	369	323	164	54	53	64	27	255	0	0	0	0	0	0	0	0	0	0	0	0	0	0	0	0	1.0	-0.9843137	0.0	0.0	450	503	99	0
5227616	223	522	369	323	164	54	53	64	27	255	0	0	0	0	0	0	0	0	0	0	0	0	0	0	0	0	1.0	-0.9843137	0.0	0.0	450	503	99	0
5227649	669	453	369	323	164	54	53	64	27	255	0	0	0	0	0	0	0	0	0	0	0	0	0	0	0	0	1.0	-0.9843137	0.0	0.0	450	503	99	0
5227683	317	505	369	323	164	54	53	64	27	255	0	0	0	0	0	0	0	0	0	0	0	0	0	0	0	0	1.0	-0.9843137	0.0	0.0	450	503	99	0
5227715	558	513	369	323	164	54	53	64	27	255	0	0	0	0	0	0	0	0	0	0	0	0	0	0	0	0	1.0	-0.9843137	0.0	0.0	450	503	99	0
5227749	84	557	369	323	164	54	53	64	27	255	0	0	0	0	0	0	0	0	0	0	0	0	0	0	0	0	1.0	-0.9843137	0.0	0.0	450	503	99	0
5227782	293	522	369	323	164	54	53	64	27	255	0	0	0	0	0	0	0	0	0	0	0	0	0	0	0	0	1.0	-0.9843137	0.0	0.0	450	503	99	0
5227816	715	540	369	323	164	54	53	64	27	255	0	0	0	0	0	0	0	0	0	0	0	0	0	0	0	0	1.0	-0.9843137	0.0	0.0	450	503	99	0
5227843	365	437	369	323	164	54	53	64	27	255	0	0	0	0	0	0	0	0	0	0	0	0	0	0	0	0	1.0	-0.9843137	0.0	0.0	450	503	99	0
5227881	631	491	369	323	164	54	53	64	27	255	0	0	0	0	0	0	0	0	0	0	0	0	0	0	0	0	1.0	-0.9843137	0.0	0.0	450	503	99	0
5227916	745	439	369	323	164	54	53	64	27	255	0	0	0	0	0	0	0	0	0	0	0	0	0	0	0	0	1.0	-0.9843137	0.0	0.0	450	503	99	0
5227949	425	524	369	323	164	54	53	64	27	255	0	0	0	0	0	0	0	0	0	0	0	0	0	0	0	0	1.0	-0.9843137	0.0	0.0	450	503	99	0
5227982	352	476	369	323	164	54	53	64	27	255	0	0	0	0	0	0	0	0	0	0	0	0	0	0	0	0	1.0	-0.9843137	0.0	0.0	450	503	99	0
5228016	472	497	369	323	164	54	53	64	27	255	0	0	0	0	0	0	0	0	0	0	0	0	0	0	0	0	1.0	-0.9843137	0.0	0.0	450	503	99	0
5228047	437	484	369	323	164	54	53	64	27	255	0	0	0	0	0	0	0	0	0	0	0	0	0	0	0	0	1.0	-0.9843137	0.0	0.0	450	503	99	0
5228082	484	567	369	323	164	54	53	64	27	255	0	0	0	0	0	0	0	0	0	0	0	0	0	0	0	0	1.0	-0.9843137	0.0	0.0	450	503	99	0
5228115	492	479	369	323	164	54	53	64	27	255	0	0	0	0	0	0	0	0	0	0	0	0	0	0	0	0	1.0	-0.9843137	0.0	0.0	450	503	99	0
5228148	551	497	369	323	164	54	53	64	27	255	0	0	0	0	0	0	0	0	0	0	0	0	0	0	0	0	1.0	-0.9843137	0.0	0.0	450	503	99	0
5228182	428	465	369	323	164	54	53	64	27	255	0	0	0	0	0	0	0	0	0	0	0	0	0	0	0	0	1.0	-0.9843137	0.0	0.0	450	503	99	0
5228214	268	502	369	323	164	54	53	64	27	255	0	0	0	0	0	0	0	0	0	0	0	0	0	0	0	0	1.0	-0.9843137	0.0	0.0	450	503	99	0
5228248	245	472	369	323	164	54	53	64	27	255	0	0	0	0	0	0	0	0	0	0	0	0	0	0	0	0	1.0	-0.9843137	0.0	0.0	450	503	99	0
5228280	383	531	369	323	164	54	53	64	27	255	0	0	0	0	0	0	0	0	0	0	0	0	0	0	0	0	1.0	-0.9843137	0.0	0.0	450	503	99	0
5228315	325	435	369	323	164	54	53	64	27	255	0	0	0	0	0	0	0	0	0	0	0	0	0	0	0	0	1.0	-0.9843137	0.0	0.0	450	503	99	0
5228348	546	487	369	323	164	54	53	64	27	255	0	0	0	0	0	0	0	0	0	0	0	0	0	0	0	0	1.0	-0.9843137	0.0	0.0	450	503	99	0
5228381	456	462	369	323	164	54	53	64	27	255	0	0	0	0	0	0	0	0	0	0	0	0	0	0	0	0	1.0	-0.9843137	0.0	0.0	450	503	99	0
5228414	715	437	369	323	164	54	53	64	27	255	0	0	0	0	0	0	0	0	0	0	0	0	0	0	0	0	1.0	-0.9843137	0.0	0.0	450	503	99	0
5228448	155	486	369	323	164	54	53	64	27	255	0	0	0	0	0	0	0	0	0	0	0	0	0	0	0	0	1.0	-0.9843137	0.0	0.0	450	503	99	0
5228481	645	491	369	323	164	54	53	64	27	255	0	0	0	0	0	0	0	0	0	0	0	0	0	0	0	0	1.0	-0.9843137	0.0	0.0	450	503	99	0
5228514	613	597	369	323	164	54	53	64	27	255	0	0	0	0	0	0	0	0	0	0	0	0	0	0	0	0	1.0	-0.9843137	0.0	0.0	450	503	99	0
5228547	182	528	369	323	164	54	53	64	27	255	0	0	0	0	0	0	0	0	0	0	0	0	0	0	0	0	1.0	-0.8666667	0.0	0.0	450	503	93	0
5228581	398	511	369	323	164	54	53	64	27	255	0	0	0	0	0	0	0	0	0	0	0	0	0	0	0	0	0.7647059	-0.6156863	0.0	0.0	450	503	69	0
5229046	513	383	369	323	164	54	53	64	27	255	0	0	0	0	0	0	0	0	0	0	0	0	0	0	0	0	0.47450984	-0.26274508	0.0	0.0	450	503	36	0
5229078	365	558	369	323	164	54	53	64	27	255	0	0	0	0	0	0	0	0	0	0	0	0	0	0	0	0	0.6392157	-0.35686272	0.0	0.0	450	503	49	0
5229114	718	474	369	323	164	54	53	64	27	255	0	0	0	0	0	0	0	0	0	0	0	0	0	0	0	0	1.0	-0.70980394	0.0	0.0	450	503	85	0
5229146	563	488	369	323	164	54	53	64	27	255	0	0	0	0	0	0	0	0	0	0	0	0	0	0	0	0	1.0	-0.84313726	0.0	0.0	450	503	92	0
5229179	-63	494	369	323	164	54	53	64	27	255	0	0	0	0	0	0	0	0	0	0	0	0	0	0	0	0	1.0	-0.8666667	0.0	0.0	450	503	93	0
5229214	633	573	369	323	164	54	53	64	27	255	0	0	0	0	0	0	0	0	0	0	0	0	0	0	0	0	1.0	-0.96862745	0.0	0.0	450	503	98	0
5229246	520	408	369	323	164	54	53	64	27	255	0	0	0	0	0	0	0	0	0	0	0	0	0	0	0	0	1.0	-0.96862745	0.0	0.0	450	503	98	0
5229279	491	490	369	323	164	54	53	64	27	255	0	0	0	0	0	0	0	0	0	0	0	0	0	0	0	0	1.0	-0.96862745	0.0	0.0	450	503	98	0
5229312	421	474	369	323	164	54	53	64	27	255	0	0	0	0	0	0	0	0	0	0	0	0	0	0	0	0	1.0	-0.96862745	0.0	0.0	450	503	98	0
5229345	55	527	369	323	164	54	53	64	27	255	0	0	0	0	0	0	0	0	0	0	0	0	0	0	0	0	1.0	-0.96862745	0.0	0.0	450	503	98	0
5229379	602	450	369	323	164	54	53	64	27	255	0	0	0	0	0	0	0	0	0	0	0	0	0	0	0	0	1.0	-0.96862745	0.0	0.0	450	503	98	0
5229412	480	598	369	323	164	54	53	64	27	255	0	0	0	0	0	0	0	0	0	0	0	0	0	0	0	0	1.0	-0.96862745	0.0	0.0	450	503	98	0
5229445	697	549	369	323	164	54	53	64	27	255	0	0	0	0	0	0	0	0	0	0	0	0	0	0	0	0	1.0	-0.96862745	0.0	0.0	450	503	98	0
5229479	455	493	369	323	164	54	53	64	27	255	0	0	0	0	0	0	0	0	0	0	0	0	0	0	0	0	1.0	-0.96862745	0.0	0.0	450	503	98	0
5229512	202	539	369	323	164	54	53	64	27	255	0	0	0	0	0	0	0	0	0	0	0	0	0	0	0	0	1.0	-0.96862745	0.0	0.0	450	503	98	0
5229545	653	484	369	323	164	54	53	64	27	255	0	0	0	0	0	0	0	0	0	0	0	0	0	0	0	0	1.0	-0.96862745	0.0	0.0	450	503	98	0
5229578	469	411	369	323	164	54	53	64	27	255	0	0	0	0	0	0	0	0	0	0	0	0	0	0	0	0	1.0	-0.96862745	0.0	0.0	450	503	98	0
5229611	582	574	369	323	164	54	53	64	27	255	0	0	0	0	0	0	0	0	0	0	0	0	0	0	0	0	1.0	-0.96862745	0.0	0.0	450	503	98	0
5229645	520	457	369	323	164	54	53	64	27	255	0	0	0	0	0	0	0	0	0	0	0	0	0	0	0	0	1.0	-0.96862745	0.0	0.0	450	503	98	0
5229678	512	410	369	323	164	54	53	64	27	255	0	0	0	0	0	0	0	0	0	0	0	0	0	0	0	0	1.0	-0.96862745	0.0	0.0	450	503	98	0
5229711	335	502	369	323	164	54	53	64	27	255	0	0	0	0	0	0	0	0	0	0	0	0	0	0	0	0	1.0	-0.96862745	0.0	0.0	450	503	98	0
5229745	412	537	369	323	164	54	53	64	27	255	0	0	0	0	0	0	0	0	0	0	0	0	0	0	0	0	1.0	-0.96862745	0.0	0.0	450	503	98	0
5229778	461	460	369	323	164	54	53	64	27	255	0	0	0	0	0	0	0	0	0	0	0	0	0	0	0	0	1.0	-0.96862745	0.0	0.0	450	503	98	0
5229818	612	527	369	323	164	54	53	64	27	255	0	0	0	0	0	0	0	0	0	0	0	0	0	0	0	0	1.0	-0.96862745	0.0	0.0	450	503	98	0
5229844	479	489	369	323	164	54	53	64	27	255	0	0	0	0	0	0	0	0	0	0	0	0	0	0	0	0	1.0	-0.96862745	0.0	0.0	450	503	98	0
5229878	682	448	369	323	164	54	53	64	27	255	0	0	0	0	0	0	0	0	0	0	0	0	0	0	0	0	1.0	-0.96862745	0.0	0.0	450	503	98	0
5229911	370	434	369	323	164	54	53	64	27	255	0	0	0	0	0	0	0	0	0	0	0	0	0	0	0	0	1.0	-0.96862745	0.0	0.0	450	503	98	0
5229944	362	557	369	323	164	54	53	64	27	255	0	0	0	0	0	0	0	0	0	0	0	0	0	0	0	0	1.0	-0.96862745	0.0	0.0	450	503	98	0
5229977	763	427	369	323	164	54	53	64	27	255	0	0	0	0	0	0	0	0	0	0	0	0	0	0	0	0	1.0	-0.96862745	0.0	0.0	450	503	98	0
5230018	170	488	369	323	164	54	53	64	27	255	0	0	0	0	0	0	0	0	0	0	0	0	0	0	0	0	1.0	-0.96862745	0.0	0.0	450	503	98	0
5230044	263	554	369	323	164	54	53	64	27	255	0	0	0	0	0	0	0	0	0	0	0	0	0	0	0	0	1.0	-0.96862745	0.0	0.0	450	503	98	0
5230076	370	554	369	323	164	54	53	64	27	255	0	0	0	0	0	0	0	0	0	0	0	0	0	0	0	0	1.0	-0.96862745	0.0	0.0	450	503	98	0
5230113	536	581	369	323	164	54	53	64	27	255	0	0	0	0	0	0	0	0	0	0	0	0	0	0	0	0	1.0	-0.96862745	0.0	0.0	450	503	98	0
5230144	484	446	369	323	164	54	53	64	27	255	0	0	0	0	0	0	0	0	0	0	0	0	0	0	0	0	1.0	-0.96862745	0.0	0.0	450	503	98	0
5230186	488	489	369	323	164	54	53	64	27	255	0	0	0	0	0	0	0	0	0	0	0	0	0	0	0	0	1.0	-0.96862745	0.0	0.0	450	503	98	0
5230216	329	627	369	323	164	54	53	64	27	255	0	0	0	0	0	0	0	0	0	0	0	0	0	0	0	0	1.0	-0.96862745	0.0	0.0	450	503	98	0
5230246	424	469	369	323	164	54	53	64	27	255	0	0	0	0	0	0	0	0	0	0	0	0	0	0	0	0	1.0	-0.96862745	0.0	0.0	450	503	98	0
5230281	399	478	369	323	164	54	53	64	27	255	0	0	0	0	0	0	0	0	0	0	0	0	0	0	0	0	1.0	-0.96862745	0.0	0.0	450	503	98	0
5230319	474	518	369	323	164	54	53	64	27	255	0	0	0	0	0	0	0	0	0	0	0	0	0	0	0	0	1.0	-0.96862745	0.0	0.0	450	503	98	0
5230343	194	443	369	323	164	54	53	64	27	255	0	0	0	0	0	0	0	0	0	0	0	0	0	0	0	0	1.0	-0.96862745	0.0	0.0	450	503	98	0
5230376	442	421	369	323	164	54	53	64	27	255	0	0	0	0	0	0	0	0	0	0	0	0	0	0	0	0	1.0	-0.96862745	0.0	0.0	450	503	98	0
5230418	466	483	369	323	164	54	53	64	27	255	0	0	0	0	0	0	0	0	0	0	0	0	0	0	0	0	1.0	-0.96862745	0.0	0.0	450	503	98	0
5230443	582	457	369	323	164	54	53	64	27	255	0	0	0	0	0	0	0	0	0	0	0	0	0	0	0	0	1.0	-0.96862745	0.0	0.0	450	503	98	0
5230478	184	582	369	323	164	54	53	64	27	255	0	0	0	0	0	0	0	0	0	0	0	0	0	0	0	0	1.0	-0.96862745	0.0	0.0	450	503	98	0
5230518	733	548	369	323	164	54	53	64	27	255	0	0	0	0	0	0	0	0	0	0	0	0	0	0	0	0	1.0	-0.96862745	0.0	0.0	450	503	98	0
5230543	223	474	369	323	164	54	53	64	27	255	0	0	0	0	0	0	0	0	0	0	0	0	0	0	0	0	1.0	-0.96862745	0.0	0.0	450	503	98	0
5230578	809	460	369	323	164	54	53	64	27	255	0	0	0	0	0	0	0	0	0	0	0	0	0	0	0	0	1.0	-0.96862745	0.0	0.0	450	503	98	0
5230618	502	546	369	323	164	54	53	64	27	255	0	0	0	0	0	0	0	0	0	0	0	0	0	0	0	0	1.0	-0.96862745	0.0	0.0	450	503	98	0
5230643	509	532	369	323	164	54	53	64	27	255	0	0	0	0	0	0	0	0	0	0	0	0	0	0	0	0	1.0	-0.96862745	0.0	0.0	450	503	98	0
5230676	556	530	369	323	164	54	53	64	27	255	0	0	0	0	0	0	0	0	0	0	0	0	0	0	0	0	1.0	-0.96862745	0.0	0.0	450	503	98	0
5230717	311	428	369	323	164	54	53	64	27	255	0	0	0	0	0	0	0	0	0	0	0	0	0	0	0	0	1.0	-0.96862745	0.0	0.0	450	503	98	0
5230742	231	489	369	323	164	54	53	64	27	255	0	0	0	0	0	0	0	0	0	0	0	0	0	0	0	0	1.0	-0.96862745	0.0	0.0	450	503	98	0
5230785	368	509	369	323	164	54	53	64	27	255	0	0	0	0	0	0	0	0	0	0	0	0	0	0	0	0	1.0	-0.96862745	0.0	0.0	450	503	98	0
5230810	540	449	369	323	164	54	53	64	27	255	0	0	0	0	0	0	0	0	0	0	0	0	0	0	0	0	1.0	-0.96862745	0.0	0.0	450	503	98	0
5230842	703	528	369	323	164	54	53	64	27	255	0	0	0	0	0	0	0	0	0	0	0	0	0	0	0	0	1.0	-0.96862745	0.0	0.0	450	503	98	0
5230884	459	513	369	323	164	54	53	64	27	255	0	0	0	0	0	0	0	0	0	0	0	0	0	0	0	0	1.0	-0.96862745	0.0	0.0	450	503	98	0
5230919	250	468	369	323	164	54	53	64	27	255	0	0	0	0	0	0	0	0	0	0	0	0	0	0	0	0	1.0	-0.96862745	0.0	0.0	450	503	98	0
5230944	514	627	369	323	164	54	53	64	27	255	0	0	0	0	0	0	0	0	0	0	0	0	0	0	0	0	1.0	-0.96862745	0.0	0.0	450	503	98	0
5230985	380	521	369	323	164	54	53	64	27	255	0	0	0	0	0	0	0	0	0	0	0	0	0	0	0	0	1.0	-0.96862745	0.0	0.0	450	503	98	0
5231010	529	471	369	323	164	54	53	64	27	255	0	0	0	0	0	0	0	0	0	0	0	0	0	0	0	0	1.0	-0.96862745	0.0	0.0	450	503	98	0
5231052	337	488	369	323	164	54	53	64	27	255	0	0	0	0	0	0	0	0	0	0	0	0	0	0	0	0	1.0	-0.96862745	0.0	0.0	450	503	98	0
5231075	287	515	369	323	164	54	53	64	27	255	0	0	0	0	0	0	0	0	0	0	0	0	0	0	0	0	1.0	-0.96862745	0.0	0.0	450	503	98	0
5231118	291	509	369	323	164	54	53	64	27	255	0	0	0	0	0	0	0	0	0	0	0	0	0	0	0	0	1.0	-0.96862745	0.0	0.0	450	503	98	0
5231151	565	474	369	323	164	54	53	64	27	255	0	0	0	0	0	0	0	0	0	0	0	0	0	0	0	0	1.0	-0.96862745	0.0	0.0	450	503	98	0
5231176	475	497	369	323	164	54	53	64	27	255	0	0	0	0	0	0	0	0	0	0	0	0	0	0	0	0	1.0	-0.96862745	0.0	0.0	450	503	98	0
5231218	199	481	369	323	164	54	53	64	27	255	0	0	0	0	0	0	0	0	0	0	0	0	0	0	0	0	1.0	-0.96862745	0.0	0.0	450	503	98	0
5231250	402	414	369	323	164	54	53	64	27	255	0	0	0	0	0	0	0	0	0	0	0	0	0	0	0	0	1.0	-0.96862745	0.0	0.0	450	503	98	0
5231284	277	458	369	323	164	54	53	64	27	255	0	0	0	0	0	0	0	0	0	0	0	0	0	0	0	0	1.0	-0.96862745	0.0	0.0	450	503	98	0
5231309	376	535	369	323	164	54	53	64	27	255	0	0	0	0	0	0	0	0	0	0	0	0	0	0	0	0	1.0	-0.96862745	0.0	0.0	450	503	98	0
5231351	533	546	369	323	164	54	53	64	27	255	0	0	0	0	0	0	0	0	0	0	0	0	0	0	0	0	1.0	-0.96862745	0.0	0.0	450	503	98	0
5231384	925	505	369	323	164	54	53	64	27	255	0	0	0	0	0	0	0	0	0	0	0	0	0	0	0	0	1.0	-0.96862745	0.0	0.0	450	503	98	0
5231417	781	521	369	323	164	54	53	64	27	255	0	0	0	0	0	0	0	0	0	0	0	0	0	0	0	0	1.0	-0.96862745	0.0	0.0	450	503	98	0
5231449	716	562	369	323	164	54	53	64	27	255	0	0	0	0	0	0	0	0	0	0	0	0	0	0	0	0	1.0	-0.96862745	0.0	0.0	450	503	98	0
5231484	623	560	369	323	164	54	53	64	27	255	0	0	0	0	0	0	0	0	0	0	0	0	0	0	0	0	1.0	-0.96862745	0.0	0.0	450	503	98	0
5231517	747	516	369	323	164	54	53	64	27	255	0	0	0	0	0	0	0	0	0	0	0	0	0	0	0	0	1.0	-0.96862745	0.0	0.0	450	503	98	0
5231550	729	439	369	323	164	54	53	64	27	255	0	0	0	0	0	0	0	0	0	0	0	0	0	0	0	0	1.0	-0.96862745	0.0	0.0	450	503	98	0
5231584	446	523	369	323	164	54	53	64	27	255	0	0	0	0	0	0	0	0	0	0	0	0	0	0	0	0	1.0	-0.96862745	0.0	0.0	450	503	98	0
5231617	427	563	369	323	164	54	53	64	27	255	0	0	0	0	0	0	0	0	0	0	0	0	0	0	0	0	1.0	-0.96862745	0.0	0.0	450	503	98	0
5231650	198	565	369	323	164	54	53	64	27	255	0	0	0	0	0	0	0	0	0	0	0	0	0	0	0	0	1.0	-0.96862745	0.0	0.0	450	503	98	0
5231683	479	476	369	323	164	54	53	64	27	255	0	0	0	0	0	0	0	0	0	0	0	0	0	0	0	0	1.0	-0.96862745	0.0	0.0	450	503	98	0
5231717	448	532	369	323	164	54	53	64	27	255	0	0	0	0	0	0	0	0	0	0	0	0	0	0	0	0	1.0	-0.96862745	0.0	0.0	450	503	98	0
5231750	256	569	369	323	164	54	53	64	27	255	0	0	0	0	0	0	0	0	0	0	0	0	0	0	0	0	1.0	-0.96862745	0.0	0.0	450	503	98	0
5231782	510	591	369	323	164	54	53	64	27	255	0	0	0	0	0	0	0	0	0	0	0	0	0	0	0	0	1.0	-0.96862745	0.0	0.0	450	503	98	0
5231816	452	471	369	323	164	54	53	64	27	255	0	0	0	0	0	0	0	0	0	0	0	0	0	0	0	0	1.0	-0.96862745	0.0	0.0	450	503	98	0
5231850	526	500	369	323	164	54	53	64	27	255	0	0	0	0	0	0	0	0	0	0	0	0	0	0	0	0	1.0	-0.96862745	0.0	0.0	450	503	98	0
5231883	522	491	369	323	164	54	53	64	27	255	0	0	0	0	0	0	0	0	0	0	0	0	0	0	0	0	1.0	-0.96862745	0.0	0.0	450	503	98	0
5231916	704	501	369	323	164	54	53	64	27	255	0	0	0	0	0	0	0	0	0	0	0	0	0	0	0	0	1.0	-0.96862745	0.0	0.0	450	503	98	0
5231950	492	494	369	323	164	54	53	64	27	255	0	0	0	0	0	0	0	0	0	0	0	0	0	0	0	0	1.0	-0.96862745	0.0	0.0	450	503	98	0
5231983	501	556	369	323	164	54	53	64	27	255	0	0	0	0	0	0	0	0	0	0	0	0	0	0	0	0	1.0	-0.96862745	0.0	0.0	450	503	98	0
5232016	398	477	369	323	164	54	53	64	27	255	0	0	0	0	0	0	0	0	0	0	0	0	0	0	0	0	1.0	-0.96862745	0.0	0.0	450	503	98	0
5232048	822	478	369	323	164	54	53	64	27	255	0	0	0	0	0	0	0	0	0	0	0	0	0	0	0	0	1.0	-0.96862745	0.0	0.0	450	503	98	0
5232082	277	476	369	323	164	54	53	64	27	255	0	0	0	0	0	0	0	0	0	0	0	0	0	0	0	0	1.0	-0.96862745	0.0	0.0	450	503	98	0
5232116	437	563	369	323	164	54	53	64	27	255	0	0	0	0	0	0	0	0	0	0	0	0	0	0	0	0	1.0	-0.96862745	0.0	0.0	450	503	98	0
5232149	542	489	369	323	164	54	53	64	27	255	0	0	0	0	0	0	0	0	0	0	0	0	0	0	0	0	1.0	-0.96862745	0.0	0.0	450	503	98	0
5232181	391	616	369	323	164	54	53	64	27	255	0	0	0	0	0	0	0	0	0	0	0	0	0	0	0	0	1.0	-0.96862745	0.0	0.0	450	503	98	0
5232215	296	622	369	323	164	54	53	64	27	255	0	0	0	0	0	0	0	0	0	0	0	0	0	0	0	0	1.0	-0.96862745	0.0	0.0	450	503	98	0
5232247	460	591	369	323	164	54	53	64	27	255	0	0	0	0	0	0	0	0	0	0	0	0	0	0	0	0	1.0	-0.96862745	0.0	0.0	450	503	98	0
5232282	59	423	369	323	164	54	53	64	27	255	0	0	0	0	0	0	0	0	0	0	0	0	0	0	0	0	1.0	-0.96862745	0.0	0.0	450	503	98	0
5232315	538	534	369	323	164	54	53	64	27	255	0	0	0	0	0	0	0	0	0	0	0	0	0	0	0	0	1.0	-0.96862745	0.0	0.0	450	503	98	0
5232348	229	536	369	323	164	54	53	64	27	255	0	0	0	0	0	0	0	0	0	0	0	0	0	0	0	0	1.0	-0.96862745	0.0	0.0	450	503	98	0
5232382	700	485	369	323	164	54	53	64	27	255	0	0	0	0	0	0	0	0	0	0	0	0	0	0	0	0	1.0	-0.96862745	0.0	0.0	450	503	98	0
5232414	315	461	369	323	164	54	53	64	27	255	0	0	0	0	0	0	0	0	0	0	0	0	0	0	0	0	1.0	-0.96862745	0.0	0.0	450	503	98	0
5232448	428	525	369	323	164	54	53	64	27	255	0	0	0	0	0	0	0	0	0	0	0	0	0	0	0	0	1.0	-0.96862745	0.0	0.0	450	503	98	0
5232482	625	577	369	323	164	54	53	64	27	255	0	0	0	0	0	0	0	0	0	0	0	0	0	0	0	0	1.0	-0.96862745	0.0	0.0	450	503	98	0
5232515	518	484	369	323	164	54	53	64	27	255	0	0	0	0	0	0	0	0	0	0	0	0	0	0	0	0	1.0	-0.96862745	0.0	0.0	450	503	98	0
5232548	501	507	369	323	164	54	53	64	27	255	0	0	0	0	0	0	0	0	0	0	0	0	0	0	0	0	1.0	-0.96862745	0.0	0.0	450	503	98	0
5232581	246	497	369	323	164	54	53	64	27	255	0	0	0	0	0	0	0	0	0	0	0	0	0	0	0	0	1.0	-0.96862745	0.0	0.0	450	503	98	0
5232614	581	403	369	323	164	54	53	64	27	255	0	0	0	0	0	0	0	0	0	0	0	0	0	0	0	0	0.827451	-0.79607844	0.0	0.0	450	503	81	0
5232647	132	449	369	323	164	54	53	64	27	255	0	0	0	0	0	0	0	0	0	0	0	0	0	0	0	0	0.0	0.19215691	0.0	0.0	450	503	-10	0
