millis	xpos	ypos	sX	sY	dpX	dpY	red	green	blue	opacity	A1	A2	A3	A4	L1	R1	L2	R2	S1	S2	M1	M2	up	down	left	right	anlgX	anlgY	anlgU	anlgV	x_mean	y_mean	joy1_int	joy2_int
725	1032	299	350	350	300	300	60	60	60	60	0	0	0	0	0	0	0	0	0	0	0	0	0	0	0	0	0.0	0.0	-0.46666664	0.17647064	640	400	0	-33
1563	770	48	350	350	300	300	60	60	60	60	0	0	0	0	0	0	0	0	0	0	0	0	0	0	0	0	0.0	0.0	-0.46666664	0.17647064	640	400	0	-33
1597	1127	1081	350	350	300	300	60	60	60	60	0	0	0	0	0	0	0	0	0	0	0	0	0	0	0	0	0.0	0.0	-0.46666664	0.17647064	640	400	0	-33
1632	725	853	350	350	300	300	60	60	60	60	0	0	0	0	0	0	0	0	0	0	0	0	0	0	0	0	0.0	0.0	-0.46666664	0.17647064	640	400	0	-33
1667	635	267	350	350	300	300	60	60	60	60	0	0	0	0	0	0	0	0	0	0	0	0	0	0	0	0	0.0	0.0	-0.46666664	0.17647064	640	400	0	-33
1697	745	255	350	350	300	300	60	60	60	60	0	0	0	0	0	0	0	0	0	0	0	0	0	0	0	0	0.0	0.0	-0.46666664	0.17647064	640	400	0	-33
1731	613	391	350	350	300	300	60	60	60	60	0	0	0	0	0	0	0	0	0	0	0	0	0	0	0	0	0.0	0.0	-0.46666664	0.17647064	640	400	0	-33
1767	872	29	350	350	300	300	60	60	60	60	0	0	0	0	0	0	0	0	0	0	0	0	0	0	0	0	0.0	0.0	-0.46666664	0.17647064	640	400	0	-33
1801	568	110	350	350	300	300	60	60	60	60	0	0	0	0	0	0	0	0	0	0	0	0	0	0	0	0	0.0	0.0	-0.46666664	0.17647064	640	400	0	-33
1832	746	915	350	350	300	300	60	60	60	60	0	0	0	0	0	0	0	0	0	0	0	0	0	0	0	0	0.0	0.0	-0.46666664	0.17647064	640	400	0	-33
1867	1123	635	350	350	300	300	60	60	60	60	0	0	0	0	0	0	0	0	0	0	0	0	0	0	0	0	0.0	0.0	-0.46666664	0.17647064	640	400	0	-33
1902	913	661	350	350	300	300	60	60	60	60	0	0	0	0	0	0	0	0	0	0	0	0	0	0	0	0	0.0	0.0	-0.46666664	0.17647064	640	400	0	-33
1934	690	644	350	350	300	300	60	60	60	60	0	0	0	0	0	0	0	0	0	0	0	0	0	0	0	0	0.0	0.0	-0.46666664	0.17647064	640	400	0	-33
1967	638	634	350	350	300	300	60	60	60	60	0	0	0	0	0	0	0	0	0	0	0	0	0	0	0	0	0.0	0.0	-0.46666664	0.17647064	640	400	0	-33
2001	644	690	350	350	300	300	60	60	60	60	0	0	0	0	0	0	0	0	0	0	0	0	0	0	0	0	0.0	0.0	-0.46666664	0.17647064	640	400	0	-33
2035	810	179	350	350	300	300	60	60	60	60	0	0	0	0	0	0	0	0	0	0	0	0	0	0	0	0	0.0	0.0	-0.46666664	0.17647064	640	400	0	-33
2068	610	272	350	350	300	300	60	60	60	60	0	0	0	0	0	0	0	0	0	0	0	0	0	0	0	0	0.0	0.0	-0.46666664	0.17647064	640	400	0	-33
2100	533	-212	350	350	300	300	60	60	60	60	0	0	0	0	0	0	0	0	0	0	0	0	0	0	0	0	0.0	0.0	-0.46666664	0.17647064	640	400	0	-33
2134	817	408	350	350	300	300	60	60	60	60	0	0	0	0	0	0	0	0	0	0	0	0	0	0	0	0	0.0	0.0	-0.46666664	0.17647064	640	400	0	-33
2168	1037	167	350	350	300	300	60	60	60	60	0	0	0	0	0	0	0	0	0	0	0	0	0	0	0	0	0.0	0.0	-0.46666664	0.17647064	640	400	0	-33
2201	494	319	350	350	300	300	60	60	60	60	0	0	0	0	0	0	0	0	0	0	0	0	0	0	0	0	0.0	0.0	-0.46666664	0.17647064	640	400	0	-33
2233	212	638	350	350	300	300	60	60	60	60	0	0	0	0	0	0	0	0	0	0	0	0	0	0	0	0	0.0	0.0	-0.46666664	0.17647064	640	400	0	-33
2268	493	760	350	350	300	300	60	60	60	60	0	0	0	0	0	0	0	0	0	0	0	0	0	0	0	0	0.0	0.0	-0.46666664	0.17647064	640	400	0	-33
2300	837	317	350	350	300	300	60	60	60	60	0	0	0	0	0	0	0	0	0	0	0	0	0	0	0	0	0.0	0.0	-0.46666664	0.17647064	640	400	0	-33
2335	496	337	350	350	300	300	60	60	60	60	0	0	0	0	0	0	0	0	0	0	0	0	0	0	0	0	0.0	0.0	-0.46666664	0.17647064	640	400	0	-33
2366	516	307	350	350	300	300	60	60	60	60	0	0	0	0	0	0	0	0	0	0	0	0	0	0	0	0	0.0	0.0	-0.46666664	0.17647064	640	400	0	-33
2401	806	798	350	350	300	300	60	60	60	60	0	0	0	0	0	0	0	0	0	0	0	0	0	0	0	0	0.0	0.0	-0.46666664	0.17647064	640	400	0	-33
2433	729	402	350	350	300	300	60	60	60	60	0	0	0	0	0	0	0	0	0	0	0	0	0	0	0	0	0.0	0.0	-0.46666664	0.17647064	640	400	0	-33
2468	885	774	350	350	300	300	60	60	60	60	0	0	0	0	0	0	0	0	0	0	0	0	0	0	0	0	0.0	0.0	-0.46666664	0.17647064	640	400	0	-33
2500	1308	271	350	350	300	300	60	60	60	60	0	0	0	0	0	0	0	0	0	0	0	0	0	0	0	0	0.0	0.0	-0.46666664	0.17647064	640	400	0	-33
2535	538	864	350	350	300	300	60	60	60	60	0	0	0	0	0	0	0	0	0	0	0	0	0	0	0	0	0.0	0.0	-0.46666664	0.17647064	640	400	0	-33
2567	374	263	350	350	300	300	60	60	60	60	0	0	0	0	0	0	0	0	0	0	0	0	0	0	0	0	0.0	0.0	-0.46666664	0.17647064	640	400	0	-33
2599	114	-148	350	350	300	300	60	60	60	60	0	0	0	0	0	0	0	0	0	0	0	0	0	0	0	0	0.0	0.0	-0.46666664	0.17647064	640	400	0	-33
2633	175	47	350	350	300	300	60	60	60	60	0	0	0	0	0	0	0	0	0	0	0	0	0	0	0	0	0.0	0.0	-0.46666664	0.17647064	640	400	0	-33
2666	735	307	350	350	300	300	60	60	60	60	0	0	0	0	0	0	0	0	0	0	0	0	0	0	0	0	0.0	0.0	-0.46666664	0.17647064	640	400	0	-33
2700	239	218	350	350	300	300	60	60	60	60	0	0	0	0	0	0	0	0	0	0	0	0	0	0	0	0	0.0	0.0	-0.46666664	0.17647064	640	400	0	-33
2732	811	384	350	350	300	300	60	60	60	60	0	0	0	0	0	0	0	0	0	0	0	0	0	0	0	0	0.0	0.0	-0.46666664	0.17647064	640	400	0	-33
2767	590	720	350	350	300	300	60	60	60	60	0	0	0	0	0	0	0	0	0	0	0	0	0	0	0	0	0.0	0.0	-0.46666664	0.17647064	640	400	0	-33
2799	337	659	350	350	300	300	60	60	60	60	0	0	0	0	0	0	0	0	0	0	0	0	0	0	0	0	0.0	0.0	-0.46666664	0.17647064	640	400	0	-33
2834	720	596	350	350	300	300	60	60	60	60	0	0	0	0	0	0	0	0	0	0	0	0	0	0	0	0	0.0	0.0	-0.46666664	0.17647064	640	400	0	-33
2866	712	-30	350	350	300	300	60	60	60	60	0	0	0	0	0	0	0	0	0	0	0	0	0	0	0	0	0.0	0.0	-0.46666664	0.17647064	640	400	0	-33
2900	413	196	350	350	300	300	60	60	60	60	0	0	0	0	0	0	0	0	0	0	0	0	0	0	0	0	0.0	0.0	-0.46666664	0.17647064	640	400	0	-33
2932	470	110	350	350	300	300	60	60	60	60	0	0	0	0	0	0	0	0	0	0	0	0	0	0	0	0	0.0	0.0	-0.46666664	0.17647064	640	400	0	-33
2967	647	288	350	350	300	300	60	60	60	60	0	0	0	0	0	0	0	0	0	0	0	0	0	0	0	0	0.0	0.0	-0.46666664	0.17647064	640	400	0	-33
2999	805	75	350	350	300	300	60	60	60	60	0	0	0	0	0	0	0	0	0	0	0	0	0	0	0	0	0.0	0.0	-0.46666664	0.17647064	640	400	0	-33
3034	899	503	350	350	300	300	60	60	60	60	0	0	0	0	0	0	0	0	0	0	0	0	0	0	0	0	0.0	0.0	-0.46666664	0.17647064	640	400	0	-33
3066	523	124	350	350	300	300	60	60	60	60	0	0	0	0	0	0	0	0	0	0	0	0	0	0	0	0	0.0	0.0	-0.46666664	0.17647064	640	400	0	-33
3098	791	799	350	350	300	300	60	60	60	60	0	0	0	0	0	0	0	0	0	0	0	0	0	0	0	0	0.0	0.0	-0.46666664	0.17647064	640	400	0	-33
3133	721	475	350	350	300	300	60	60	60	60	0	0	0	0	0	0	0	0	0	0	0	0	0	0	0	0	0.0	0.0	-0.46666664	0.17647064	640	400	0	-33
3165	843	314	350	350	300	300	60	60	60	60	0	0	0	0	0	0	0	0	0	0	0	0	0	0	0	0	0.0	0.0	-0.46666664	0.17647064	640	400	0	-33
3200	480	390	350	350	300	300	60	60	60	60	0	0	0	0	0	0	0	0	0	0	0	0	0	0	0	0	0.0	0.0	-0.46666664	0.17647064	640	400	0	-33
3233	659	339	350	350	300	300	60	60	60	60	0	0	0	0	0	0	0	0	0	0	0	0	0	0	0	0	0.0	0.0	-0.46666664	0.17647064	640	400	0	-33
3266	1096	162	350	350	300	300	60	60	60	60	0	0	0	0	0	0	0	0	0	0	0	0	0	0	0	0	0.0	0.0	-0.46666664	0.17647064	640	400	0	-33
3298	738	688	350	350	300	300	60	60	60	60	0	0	0	0	0	0	0	0	0	0	0	0	0	0	0	0	0.0	0.0	-0.46666664	0.17647064	640	400	0	-33
3333	1309	461	350	350	300	300	60	60	60	60	0	0	0	0	0	0	0	0	0	0	0	0	0	0	0	0	0.0	0.0	-0.46666664	0.17647064	640	400	0	-33
3367	1098	311	350	350	300	300	60	60	60	60	0	0	0	0	0	0	0	0	0	0	0	0	0	0	0	0	0.0	0.0	-0.46666664	0.17647064	640	400	0	-33
3400	858	646	350	350	300	300	60	60	60	60	0	0	0	0	0	0	0	0	0	0	0	0	0	0	0	0	0.0	0.0	-0.46666664	0.17647064	640	400	0	-33
3434	886	7	350	350	300	300	60	60	60	60	0	0	0	0	0	0	0	0	0	0	0	0	0	0	0	0	0.0	0.0	-0.46666664	0.17647064	640	400	0	-33
3466	351	184	350	350	300	300	60	60	60	60	0	0	0	0	0	0	0	0	0	0	0	0	0	0	0	0	0.0	0.0	-0.46666664	0.17647064	640	400	0	-33
3498	667	1429	350	350	300	300	60	60	60	60	0	0	0	0	0	0	0	0	0	0	0	0	0	0	0	0	0.0	0.0	-0.46666664	0.17647064	640	400	0	-33
3533	1382	456	350	350	300	300	60	60	60	60	0	0	0	0	0	0	0	0	0	0	0	0	0	0	0	0	0.0	0.0	-0.46666664	0.17647064	640	400	0	-33
3565	930	-218	350	350	300	300	60	60	60	60	0	0	0	0	0	0	0	0	0	0	0	0	0	0	0	0	0.0	0.0	-0.46666664	0.17647064	640	400	0	-33
3597	666	375	350	350	300	300	60	60	60	60	0	0	0	0	0	0	0	0	0	0	0	0	0	0	0	0	0.0	0.0	-0.46666664	0.17647064	640	400	0	-33
3632	391	512	350	350	300	300	60	60	60	60	0	0	0	0	0	0	0	0	0	0	0	0	0	0	0	0	0.0	0.0	-0.46666664	0.17647064	640	400	0	-33
3665	289	723	350	350	300	300	60	60	60	60	0	0	0	0	0	0	0	0	0	0	0	0	0	0	0	0	0.0	0.0	-0.46666664	0.17647064	640	400	0	-33
3698	920	-234	350	350	300	300	60	60	60	60	0	0	0	0	0	0	0	0	0	0	0	0	0	0	0	0	0.0	0.0	-0.46666664	0.17647064	640	400	0	-33
3731	210	463	350	350	300	300	60	60	60	60	0	0	0	0	0	0	0	0	0	0	0	0	0	0	0	0	0.0	0.0	-0.46666664	0.17647064	640	400	0	-33
3765	448	-200	350	350	300	300	60	60	60	60	0	0	0	0	0	0	0	0	0	0	0	0	0	0	0	0	0.0	0.0	-0.46666664	0.17647064	640	400	0	-33
3800	548	424	350	350	300	300	60	60	60	60	0	0	0	0	0	0	0	0	0	0	0	0	0	0	0	0	0.0	0.0	-0.46666664	0.17647064	640	400	0	-33
3832	774	754	350	350	300	300	60	60	60	60	0	0	0	0	0	0	0	0	0	0	0	0	0	0	0	0	0.0	0.0	-0.46666664	0.17647064	640	400	0	-33
3867	930	699	350	350	300	300	60	60	60	60	0	0	0	0	0	0	0	0	0	0	0	0	0	0	0	0	0.0	0.0	-0.46666664	0.17647064	640	400	0	-33
3899	933	468	350	350	300	300	60	60	60	60	0	0	0	0	0	0	0	0	0	0	0	0	0	0	0	0	0.0	0.0	-0.46666664	0.17647064	640	400	0	-33
3934	444	515	350	350	300	300	60	60	60	60	0	0	0	0	0	0	0	0	0	0	0	0	0	0	0	0	0.0	0.0	-0.46666664	0.17647064	640	400	0	-33
3966	771	212	350	350	300	300	60	60	60	60	0	0	0	0	0	0	0	0	0	0	0	0	0	0	0	0	0.0	0.0	-0.46666664	0.17647064	640	400	0	-33
3997	1292	116	350	350	300	300	60	60	60	60	0	0	0	0	0	0	0	0	0	0	0	0	0	0	0	0	0.0	0.0	-0.46666664	0.17647064	640	400	0	-33
4032	991	1152	350	350	300	300	60	60	60	60	0	0	0	0	0	0	0	0	0	0	0	0	0	0	0	0	0.0	0.0	-0.46666664	0.17647064	640	400	0	-33
4064	660	593	350	350	300	300	60	60	60	60	0	0	0	0	0	0	0	0	0	0	0	0	0	0	0	0	0.0	0.0	-0.46666664	0.17647064	640	400	0	-33
4099	834	735	350	350	300	300	60	60	60	60	0	0	0	0	0	0	0	0	0	0	0	0	0	0	0	0	0.0	0.0	-0.46666664	0.17647064	640	400	0	-33
4134	184	95	350	350	300	300	60	60	60	60	0	0	0	0	0	0	0	0	0	0	0	0	0	0	0	0	0.0	0.0	-0.46666664	0.17647064	640	400	0	-33
4163	721	1054	350	350	300	300	60	60	60	60	0	0	0	0	0	0	0	0	0	0	0	0	0	0	0	0	0.0	0.0	-0.46666664	0.17647064	640	400	0	-33
4198	318	700	350	350	300	300	60	60	60	60	0	0	0	0	0	0	0	0	0	0	0	0	0	0	0	0	0.0	0.0	-0.46666664	0.17647064	640	400	0	-33
4233	1163	760	350	350	300	300	60	60	60	60	0	0	0	0	0	0	0	0	0	0	0	0	0	0	0	0	0.0	0.0	-0.46666664	0.17647064	640	400	0	-33
4267	-92	460	350	350	300	300	60	60	60	60	0	0	0	0	0	0	0	0	0	0	0	0	0	0	0	0	0.0	0.0	-0.46666664	0.17647064	640	400	0	-33
4297	767	110	350	350	300	300	60	60	60	60	0	0	0	0	0	0	0	0	0	0	0	0	0	0	0	0	0.0	0.0	-0.46666664	0.17647064	640	400	0	-33
4331	964	31	350	350	300	300	60	60	60	60	0	0	0	0	0	0	0	0	0	0	0	0	0	0	0	0	0.0	0.0	-0.46666664	0.17647064	640	400	0	-33
4366	1335	1001	350	350	300	300	60	60	60	60	0	0	0	0	0	0	0	0	0	0	0	0	0	0	0	0	0.0	0.0	-0.46666664	0.17647064	640	400	0	-33
4398	664	590	350	350	300	300	60	60	60	60	0	0	0	0	0	0	0	0	0	0	0	0	0	0	0	0	0.0	0.0	-0.46666664	0.17647064	640	400	0	-33
4430	1158	-172	350	350	300	300	60	60	60	60	0	0	0	0	0	0	0	0	0	0	0	0	0	0	0	0	0.0	0.0	-0.46666664	0.17647064	640	400	0	-33
4465	373	160	350	350	300	300	60	60	60	60	0	0	0	0	0	0	0	0	0	0	0	0	0	0	0	0	0.0	0.0	-0.46666664	0.17647064	640	400	0	-33
4497	458	451	350	350	300	300	60	60	60	60	0	0	0	0	0	0	0	0	0	0	0	0	0	0	0	0	0.0	0.0	-0.46666664	0.17647064	640	400	0	-33
4532	848	634	350	350	300	300	60	60	60	60	0	0	0	0	0	0	0	0	0	0	0	0	0	0	0	0	0.0	0.0	-0.46666664	0.17647064	640	400	0	-33
4564	804	501	350	350	300	300	60	60	60	60	0	0	0	0	0	0	0	0	0	0	0	0	0	0	0	0	0.0	0.0	-0.46666664	0.17647064	640	400	0	-33
4598	791	251	350	350	300	300	60	60	60	60	0	0	0	0	0	0	0	0	0	0	0	0	0	0	0	0	0.0	0.0	-0.46666664	0.17647064	640	400	0	-33
4633	552	156	350	350	300	300	60	60	60	60	0	0	0	0	0	0	0	0	0	0	0	0	0	0	0	0	0.0	0.0	-0.46666664	0.17647064	640	400	0	-33
4665	751	508	350	350	300	300	60	60	60	60	0	0	0	0	0	0	0	0	0	0	0	0	0	0	0	0	0.0	0.0	-0.46666664	0.17647064	640	400	0	-33
4700	431	495	350	350	300	300	60	60	60	60	0	0	0	0	0	0	0	0	0	0	0	0	0	0	0	0	0.0	0.0	-0.46666664	0.17647064	640	400	0	-33
4735	70	848	350	350	300	300	60	60	60	60	0	0	0	0	0	0	0	0	0	0	0	0	0	0	0	0	0.0	0.0	-0.46666664	0.17647064	640	400	0	-33
4764	728	134	350	350	300	300	60	60	60	60	0	0	0	0	0	0	0	0	0	0	0	0	0	0	0	0	0.0	0.0	-0.46666664	0.17647064	640	400	0	-33
4799	1040	481	350	350	300	300	60	60	60	60	0	0	0	0	0	0	0	0	0	0	0	0	0	0	0	0	0.0	0.0	-0.46666664	0.17647064	640	400	0	-33
4831	703	482	350	350	300	300	60	60	60	60	0	0	0	0	0	0	0	0	0	0	0	0	0	0	0	0	0.0	0.0	-0.46666664	0.17647064	640	400	0	-33
4866	967	360	350	350	300	300	60	60	60	60	0	0	0	0	0	0	0	0	0	0	0	0	0	0	0	0	-0.7254902	-0.6392157	-0.46666664	0.17647064	640	400	-5	-33
4898	703	377	350	350	300	300	60	60	60	60	0	0	0	0	0	0	0	0	0	0	0	0	0	0	0	0	-1.0	-1.0	-0.46666664	0.17647064	640	400	0	-33
4933	461	728	350	350	300	300	60	60	60	60	0	0	0	0	0	0	0	0	0	0	0	0	0	0	0	0	-1.0	-1.0	-0.46666664	0.17647064	640	400	0	-33
4968	760	321	350	350	300	300	60	60	60	60	0	0	0	0	0	0	0	0	0	0	0	0	0	0	0	0	-1.0	-1.0	-0.46666664	0.17647064	640	400	0	-33
4997	582	378	350	350	300	300	60	60	60	60	0	0	0	0	0	0	0	0	0	0	0	0	0	0	0	0	0.5372549	0.3803922	-0.46666664	0.17647064	640	400	7	-33
5031	411	-128	350	350	300	300	60	60	60	60	0	0	0	0	0	0	0	0	0	0	0	0	0	0	0	0	0.0	0.0	-0.46666664	0.17647064	640	400	0	-33
5069	886	693	350	350	300	300	60	60	60	60	0	0	0	0	0	0	0	0	0	0	0	0	0	0	0	0	0.0	0.0	-0.46666664	0.17647064	640	400	0	-33
5098	1055	399	350	350	300	300	60	60	60	60	0	0	0	0	0	0	0	0	0	0	0	0	0	0	0	0	0.0	0.0	-0.46666664	0.17647064	640	400	0	-33
5135	714	244	350	350	300	300	60	60	60	60	0	0	0	0	0	0	0	0	0	0	0	0	0	0	0	0	0.0	0.0	-0.46666664	0.17647064	640	400	0	-33
5167	866	-83	350	350	300	300	60	60	60	60	0	0	0	0	0	0	0	0	0	0	0	0	0	0	0	0	0.0	0.0	-0.46666664	0.17647064	640	400	0	-33
5201	861	151	350	350	300	300	60	60	60	60	0	0	0	0	0	0	0	0	0	0	0	0	0	0	0	0	0.0	0.0	-0.46666664	0.17647064	640	400	0	-33
5234	621	449	350	350	300	300	60	60	60	60	0	0	0	0	0	0	0	0	0	0	0	0	0	0	0	0	0.0	0.0	-0.46666664	0.17647064	640	400	0	-33
5268	546	-31	350	350	300	300	60	60	60	60	0	0	0	0	0	0	0	0	0	0	0	0	0	0	0	0	0.0	0.0	-0.46666664	0.17647064	640	400	0	-33
5301	316	724	350	350	300	300	60	60	60	60	0	0	0	0	0	0	0	0	0	0	0	0	0	0	0	0	0.0	0.0	-0.46666664	0.17647064	640	400	0	-33
5334	1168	-2	350	350	300	300	60	60	60	60	0	0	0	0	0	0	0	0	0	0	0	0	0	0	0	0	0.0	0.0	-0.7254902	-0.2235294	640	400	0	-26
5368	592	302	350	350	300	300	60	60	60	60	0	0	0	0	0	0	0	0	0	0	0	0	0	0	0	0	0.0	0.0	-0.9843137	-0.36470586	640	400	0	-31
5399	716	279	350	350	300	300	60	60	60	60	0	0	0	0	0	0	0	0	0	0	0	0	0	0	0	0	0.0	0.0	-1.0	0.0	640	400	0	-50
5435	753	394	350	350	300	300	60	60	60	60	0	0	0	0	0	0	0	0	0	0	0	0	0	0	0	0	0.0	0.0	-1.0	0.5686275	640	400	0	-79
5466	400	877	350	350	300	300	60	60	60	60	0	0	0	0	0	0	0	0	0	0	0	0	0	0	0	0	0.0	0.0	-1.0	0.9529412	640	400	0	-98
5502	784	223	350	350	300	300	60	60	60	60	0	0	0	0	0	0	0	0	0	0	0	0	0	0	0	0	0.0	0.0	-1.0	0.9529412	640	400	0	-98
5533	979	851	350	350	300	300	60	60	60	60	0	0	0	0	0	0	0	0	0	0	0	0	0	0	0	0	0.0	0.0	0.26274514	0.0	640	400	0	13
5568	893	798	350	350	300	300	60	60	60	60	0	0	0	0	0	0	0	0	0	0	0	0	0	0	0	0	0.0	0.0	-0.30196077	0.17647064	640	400	0	-24
5600	987	991	350	350	300	300	60	60	60	60	0	0	0	0	0	0	0	0	0	0	0	0	0	0	0	0	0.0	0.0	-0.34117645	0.17647064	640	400	0	-26
5635	1156	204	350	350	300	300	60	60	60	60	0	0	0	0	0	0	0	0	0	0	0	0	0	0	0	0	0.0	0.0	-0.34117645	0.17647064	640	400	0	-26
5666	262	500	350	350	300	300	60	60	60	60	0	0	0	0	0	0	0	0	0	0	0	0	0	0	0	0	0.0	0.0	-0.34117645	0.17647064	640	400	0	-26
5701	926	279	350	350	300	300	60	60	60	60	0	0	0	0	0	0	0	0	0	0	0	0	0	0	0	0	0.0	0.0	-0.34117645	0.17647064	640	400	0	-26
5733	701	1293	350	350	300	300	60	60	60	60	0	0	0	0	0	0	0	0	0	0	0	0	0	0	0	0	0.0	0.0	-0.34117645	0.17647064	640	400	0	-26
5768	620	569	350	350	300	300	60	60	60	60	0	0	0	0	0	0	0	0	0	0	0	0	0	0	0	0	0.0	0.0	-0.34117645	0.17647064	640	400	0	-26
5800	1205	649	350	350	300	300	60	60	60	60	0	0	0	0	0	0	0	0	0	0	0	0	0	0	0	0	0.0	0.0	-0.34117645	0.17647064	640	400	0	-26
5835	416	655	350	350	300	300	60	60	60	60	0	0	0	0	0	0	0	0	0	0	0	0	0	0	0	0	0.0	0.0	-0.34117645	0.17647064	640	400	0	-26
5868	502	137	350	350	300	300	60	60	60	60	0	0	0	0	0	0	0	0	0	0	0	0	0	0	0	0	0.0	0.0	-0.34117645	0.17647064	640	400	0	-26
5899	643	309	350	350	300	300	60	60	60	60	0	0	0	0	0	0	0	0	0	0	0	0	0	0	0	0	0.0	0.0	-0.34117645	0.17647064	640	400	0	-26
5934	119	434	350	350	300	300	60	60	60	60	0	0	0	0	0	0	0	0	0	0	0	0	0	0	0	0	0.0	0.0	-0.34117645	0.17647064	640	400	0	-26
5965	647	423	350	350	300	300	60	60	60	60	0	0	0	0	0	0	0	0	0	0	0	0	0	0	0	0	0.0	0.0	-0.34117645	0.17647064	640	400	0	-26
6001	520	700	350	350	300	300	60	60	60	60	0	0	0	0	0	0	0	0	0	0	0	0	0	0	0	0	0.0	0.0	-0.34117645	0.17647064	640	400	0	-26
6032	1031	668	350	350	300	300	60	60	60	60	0	0	0	0	0	0	0	0	0	0	0	0	0	0	0	0	0.0	0.0	-0.34117645	0.17647064	640	400	0	-26
6067	781	736	350	350	300	300	60	60	60	60	0	0	0	0	0	0	0	0	0	0	0	0	0	0	0	0	0.0	0.0	-0.34117645	0.17647064	640	400	0	-26
6099	782	278	350	350	300	300	60	60	60	60	0	0	0	0	0	0	0	0	0	0	0	0	0	0	0	0	0.0	0.0	-0.34117645	0.17647064	640	400	0	-26
6134	628	239	350	350	300	300	60	60	60	60	0	0	0	0	0	0	0	0	0	0	0	0	0	0	0	0	0.0	0.27843142	-0.34117645	0.17647064	640	400	-14	-26
6166	415	735	350	350	300	300	60	60	60	60	0	0	0	0	0	0	0	0	0	0	0	0	0	0	0	0	-0.6392157	0.6784314	-0.30196077	0.17647064	640	400	-66	-24
6201	551	666	350	350	300	300	60	60	60	60	0	0	0	0	0	0	0	0	0	0	0	0	0	0	0	0	-1.0	1.0	-0.26274508	0.17647064	640	400	-100	-22
6233	870	533	350	350	300	300	60	60	60	60	0	0	0	0	0	0	0	0	0	0	0	0	0	0	0	0	-1.0	1.0	0.24705887	0.0	640	400	-100	12
6265	432	389	350	350	300	300	60	60	60	60	0	0	0	0	0	0	0	0	0	0	0	0	0	0	0	0	-0.69411767	0.6392157	0.8117647	0.0	640	400	-67	40
6300	683	416	350	350	300	300	60	60	60	60	0	0	0	0	0	0	0	0	0	0	0	0	0	0	0	0	0.0	0.0	0.9372549	0.0	640	400	0	46
6334	250	882	350	350	300	300	60	60	60	60	0	0	0	0	0	0	0	0	0	0	0	0	0	0	0	0	0.0	0.0	0.0	0.17647064	640	400	0	-9
6366	601	-133	350	350	300	300	60	60	60	60	0	0	0	0	0	0	0	0	0	0	0	0	0	0	0	0	0.0	0.0	-0.35686272	0.16078436	640	400	0	-26
6398	759	289	350	350	300	300	60	60	60	60	0	0	0	0	0	0	0	0	0	0	0	0	0	0	0	0	0.0	0.0	-0.35686272	0.16078436	640	400	0	-26
6433	1260	508	350	350	300	300	60	60	60	60	0	0	0	0	0	0	0	0	0	0	0	0	0	0	0	0	0.0	0.0	-0.35686272	0.16078436	640	400	0	-26
6465	-19	584	350	350	300	300	60	60	60	60	0	0	0	0	0	0	0	0	0	0	0	0	0	0	0	0	0.0	0.0	-0.35686272	0.16078436	640	400	0	-26
6499	889	833	350	350	300	300	60	60	60	60	0	0	0	0	0	0	0	0	0	0	0	0	0	0	0	0	0.0	0.0	-0.35686272	0.16078436	640	400	0	-26
6531	993	451	350	350	300	300	60	60	60	60	0	0	0	0	0	0	0	0	0	0	0	0	0	0	0	0	0.0	0.0	-0.35686272	0.16078436	640	400	0	-26
6566	898	361	350	350	300	300	60	60	60	60	0	0	0	0	0	0	0	0	0	0	0	0	0	0	0	0	0.0	0.0	-0.35686272	0.16078436	640	400	0	-26
6598	786	411	350	350	300	300	60	60	60	60	0	0	0	0	0	0	0	0	0	0	0	0	0	0	0	0	0.0	0.0	-0.35686272	0.16078436	640	400	0	-26
6633	1001	455	350	350	300	300	60	60	60	60	0	0	0	0	0	0	0	0	0	0	0	0	0	0	0	0	0.0	0.0	-0.35686272	0.16078436	640	400	0	-26
6668	1005	420	350	350	300	300	60	60	60	60	0	0	0	0	0	0	0	0	0	0	0	0	0	0	0	0	0.0	0.0	-0.35686272	0.16078436	640	400	0	-26
6700	345	-298	350	350	300	300	60	60	60	60	0	0	0	0	0	0	0	0	0	0	0	0	0	0	0	0	0.0	0.0	-0.35686272	0.16078436	640	400	0	-26
6734	611	90	350	350	300	300	60	60	60	60	0	0	0	0	0	0	0	0	0	0	0	0	0	0	0	0	0.0	0.0	-0.35686272	0.16078436	640	400	0	-26
6768	427	294	350	350	300	300	60	60	60	60	0	0	0	0	0	0	0	0	0	0	0	0	0	0	0	0	0.0	0.0	-0.35686272	0.16078436	640	400	0	-26
6801	1300	445	350	350	300	300	60	60	60	60	0	0	0	0	0	0	0	0	0	0	0	0	0	0	0	0	0.0	0.0	-0.35686272	0.16078436	640	400	0	-26
6830	333	-104	350	350	300	300	60	60	60	60	0	0	0	0	0	0	0	0	0	0	0	0	0	0	0	0	0.0	0.0	-0.35686272	0.16078436	640	400	0	-26
6868	391	232	350	350	300	300	60	60	60	60	0	0	0	0	0	0	0	0	0	0	0	0	0	0	0	0	0.0	0.0	-0.35686272	0.16078436	640	400	0	-26
6900	850	-347	350	350	300	300	60	60	60	60	0	0	0	0	0	0	0	0	0	0	0	0	0	0	0	0	0.0	0.0	-0.35686272	0.16078436	640	400	0	-26
6932	185	948	350	350	300	300	60	60	60	60	0	0	0	0	0	0	0	0	0	0	0	0	0	0	0	0	0.0	0.0	-0.35686272	0.16078436	640	400	0	-26
6964	816	-155	350	350	300	300	60	60	60	60	0	0	0	0	0	0	0	0	0	0	0	0	0	0	0	0	0.0	0.0	-0.35686272	0.16078436	640	400	0	-26
6998	149	1181	350	350	300	300	60	60	60	60	0	0	0	0	0	0	0	0	0	0	0	0	0	0	0	0	0.0	0.0	-0.35686272	0.16078436	640	400	0	-26
7030	910	597	350	350	300	300	60	60	60	60	0	0	0	0	0	0	0	0	0	0	0	0	0	0	0	0	0.0	0.0	-0.35686272	0.16078436	640	400	0	-26
7065	728	844	350	350	300	300	60	60	60	60	0	0	0	0	0	0	0	0	0	0	0	0	0	0	0	0	0.0	0.0	-0.35686272	0.16078436	640	400	0	-26
7100	793	305	350	350	300	300	60	60	60	60	0	0	0	0	0	0	0	0	0	0	0	0	0	0	0	0	0.0	0.0	-0.35686272	0.16078436	640	400	0	-26
7132	870	780	350	350	300	300	60	60	60	60	0	0	0	0	0	0	0	0	0	0	0	0	0	0	0	0	0.0	0.0	-0.35686272	0.16078436	640	400	0	-26
7167	870	-84	350	350	300	300	60	60	60	60	0	0	0	0	0	0	0	0	0	0	0	0	0	0	0	0	0.0	0.0	-0.35686272	0.16078436	640	400	0	-26
7197	610	308	350	350	300	300	60	60	60	60	0	0	0	0	0	0	0	0	0	0	0	0	0	0	0	0	0.0	0.0	-0.35686272	0.16078436	640	400	0	-26
7234	1122	-40	350	350	300	300	60	60	60	60	0	0	0	0	0	0	0	0	0	0	0	0	0	0	0	0	0.0	0.0	-0.35686272	0.16078436	640	400	0	-26
7266	448	329	350	350	300	300	60	60	60	60	0	0	0	0	0	0	0	0	0	0	0	0	0	0	0	0	0.0	0.0	-0.35686272	0.16078436	640	400	0	-26
7298	893	151	350	350	300	300	60	60	60	60	0	0	0	0	0	0	0	0	0	0	0	0	0	0	0	0	0.0	0.0	-0.35686272	0.16078436	640	400	0	-26
7332	638	812	350	350	300	300	60	60	60	60	0	0	0	0	0	0	0	0	0	0	0	0	0	0	0	0	0.0	0.0	-0.35686272	0.16078436	640	400	0	-26
7367	289	611	350	350	300	300	60	60	60	60	0	0	0	0	0	0	0	0	0	0	0	0	0	0	0	0	0.0	0.0	-0.35686272	0.16078436	640	400	0	-26
7398	545	393	350	350	300	300	60	60	60	60	0	0	0	0	0	0	0	0	0	0	0	0	0	0	0	0	0.0	0.0	-0.35686272	0.16078436	640	400	0	-26
7431	520	203	350	350	300	300	60	60	60	60	0	0	0	0	0	0	0	0	0	0	0	0	0	0	0	0	0.0	0.0	-0.35686272	0.16078436	640	400	0	-26
7466	1172	590	350	350	300	300	60	60	60	60	0	0	0	0	0	0	0	0	0	0	0	0	0	0	0	0	0.0	0.0	-0.35686272	0.16078436	640	400	0	-26
7498	771	367	350	350	300	300	60	60	60	60	0	0	0	0	0	0	0	0	0	0	0	0	0	0	0	0	0.0	0.0	-0.35686272	0.16078436	640	400	0	-26
7533	280	229	350	350	300	300	60	60	60	60	0	0	0	0	0	0	0	0	0	0	0	0	0	0	0	0	0.0	0.0	-0.35686272	0.16078436	640	400	0	-26
7565	827	625	350	350	300	300	60	60	60	60	0	0	0	0	0	0	0	0	0	0	0	0	0	0	0	0	0.0	0.0	-0.35686272	0.16078436	640	400	0	-26
7600	617	686	350	350	300	300	60	60	60	60	0	0	0	0	0	0	0	0	0	0	0	0	0	0	0	0	0.0	0.0	-0.35686272	0.16078436	640	400	0	-26
7634	573	483	350	350	300	300	60	60	60	60	0	0	0	0	0	0	0	0	0	0	0	0	0	0	0	0	0.0	0.0	-0.35686272	0.16078436	640	400	0	-26
7663	229	1042	350	350	300	300	60	60	60	60	0	0	0	0	0	0	0	0	0	0	0	0	0	0	0	0	0.0	0.0	-0.35686272	0.16078436	640	400	0	-26
7701	482	648	350	350	300	300	60	60	60	60	0	0	0	0	0	0	0	0	0	0	0	0	0	0	0	0	0.26274514	-0.4980392	-0.35686272	0.16078436	640	400	38	-26
7733	836	182	350	350	300	300	60	60	60	60	0	0	0	0	0	0	0	0	0	0	0	0	0	0	0	0	0.26274514	-0.8117647	-0.35686272	0.16078436	640	400	53	-26
7765	895	-169	350	350	300	300	60	60	60	60	0	0	0	0	0	0	0	0	0	0	0	0	0	0	0	0	0.26274514	-1.0	-0.35686272	0.16078436	640	400	63	-26
7797	384	732	350	350	300	300	60	60	60	60	0	0	0	0	0	0	0	0	0	0	0	0	0	0	0	0	0.0	-1.0	-0.35686272	0.16078436	640	400	50	-26
7832	607	447	350	350	300	300	60	60	60	60	0	0	0	0	0	0	0	0	0	0	0	0	0	0	0	0	0.0	-0.36470586	-0.35686272	0.16078436	640	400	18	-26
7866	519	444	350	350	300	300	60	60	60	60	0	0	0	0	0	0	0	0	0	0	0	0	0	0	0	0	0.0	0.0	-0.35686272	0.16078436	640	400	0	-26
7898	844	-49	350	350	300	300	60	60	60	60	0	0	0	0	0	0	0	0	0	0	0	0	0	0	0	0	0.0	0.0	-0.35686272	0.16078436	640	400	0	-26
7936	478	794	350	350	300	300	60	60	60	60	0	0	0	0	0	0	0	0	0	0	0	0	0	0	0	0	0.0	0.0	-0.35686272	0.16078436	640	400	0	-26
7965	383	218	350	350	300	300	60	60	60	60	0	0	0	0	0	0	0	0	0	0	0	0	0	0	0	0	0.0	0.0	-0.35686272	0.16078436	640	400	0	-26
8000	658	83	350	350	300	300	60	60	60	60	0	0	0	0	0	0	0	0	0	0	0	0	0	0	0	0	0.0	0.0	-0.35686272	0.16078436	640	400	0	-26
8035	541	742	350	350	300	300	60	60	60	60	0	0	0	0	0	0	0	0	0	0	0	0	0	0	0	0	0.0	0.0	-0.35686272	0.16078436	640	400	0	-26
8064	622	303	350	350	300	300	60	60	60	60	0	0	0	0	0	0	0	0	0	0	0	0	0	0	0	0	0.0	0.0	-0.35686272	0.16078436	640	400	0	-26
8099	1207	67	350	350	300	300	60	60	60	60	0	0	0	0	0	0	0	0	0	0	0	0	0	0	0	0	0.0	0.0	-0.31764704	0.16078436	640	400	0	-24
8130	794	297	350	350	300	300	60	60	60	60	0	0	0	0	0	0	0	0	0	0	0	0	0	0	0	0	0.0	0.0	-0.20784312	0.0	640	400	0	-11
8166	679	5	350	350	300	300	60	60	60	60	0	0	0	0	0	0	0	0	0	0	0	0	0	0	0	0	0.0	0.0	1.0	-1.0	640	400	0	100
8201	255	211	350	350	300	300	60	60	60	60	0	0	0	0	0	0	0	0	0	0	0	0	0	0	0	0	0.0	0.0	1.0	-1.0	640	400	0	100
8233	486	437	350	350	300	300	60	60	60	60	0	0	0	0	0	0	0	0	0	0	0	0	0	0	0	0	0.0	0.0	1.0	-1.0	640	400	0	100
8267	305	625	350	350	300	300	60	60	60	60	0	0	0	0	0	0	0	0	0	0	0	0	0	0	0	0	0.0	0.0	1.0	-0.8666667	640	400	0	93
8299	463	441	350	350	300	300	60	60	60	60	0	0	0	0	0	0	0	0	0	0	0	0	0	0	0	0	0.0	0.0	0.34901965	0.0	640	400	0	17
8331	640	447	350	350	300	300	60	60	60	60	0	0	0	0	0	0	0	0	0	0	0	0	0	0	0	0	0.0	0.0	-0.20784312	0.0	640	400	0	-11
8366	636	-332	350	350	300	300	60	60	60	60	0	0	0	0	0	0	0	0	0	0	0	0	0	0	0	0	0.0	0.0	-0.2235294	0.0	640	400	0	-12
8400	339	962	350	350	300	300	60	60	60	60	0	0	0	0	0	0	0	0	0	0	0	0	0	0	0	0	0.0	0.0	-0.2235294	0.0	640	400	0	-12
8432	571	198	350	350	300	300	60	60	60	60	0	0	0	0	0	0	0	0	0	0	0	0	0	0	0	0	0.0	0.0	-0.2235294	0.0	640	400	0	-12
8464	74	326	350	350	300	300	60	60	60	60	0	0	0	0	0	0	0	0	0	0	0	0	0	0	0	0	0.0	0.0	-0.2235294	0.0	640	400	0	-12
8499	799	236	350	350	300	300	60	60	60	60	0	0	0	0	0	0	0	0	0	0	0	0	0	0	0	0	0.0	0.0	-0.2235294	0.0	640	400	0	-12
8534	511	711	350	350	300	300	60	60	60	60	0	0	0	0	0	0	0	0	0	0	0	0	0	0	0	0	-0.23921567	0.26274514	-0.2235294	0.0	640	400	-26	-12
8566	936	88	350	350	300	300	60	60	60	60	0	0	0	0	0	0	0	0	0	0	0	0	0	0	0	0	-0.79607844	0.60784316	-0.2235294	0.0	640	400	-71	-12
8601	316	189	350	350	300	300	60	60	60	60	0	0	0	0	0	0	0	0	0	0	0	0	0	0	0	0	-1.0	1.0	-0.2235294	0.0	640	400	-100	-12
8636	277	280	350	350	300	300	60	60	60	60	0	0	0	0	0	0	0	0	0	0	0	0	0	0	0	0	-1.0	1.0	-0.2235294	0.0	640	400	-100	-12
8665	627	598	350	350	300	300	60	60	60	60	0	0	0	0	0	0	0	0	0	0	0	0	0	0	0	0	0.43529415	-0.5686275	-0.2235294	0.0	640	400	50	-12
8701	454	54	350	350	300	300	60	60	60	60	0	0	0	0	0	0	0	0	0	0	0	0	0	0	0	0	0.0	0.0	-0.2235294	0.0	640	400	0	-12
8734	402	309	350	350	300	300	60	60	60	60	0	0	0	0	0	0	0	0	0	0	0	0	0	0	0	0	0.0	0.0	-0.24705881	0.0	640	400	0	-13
8768	964	520	350	350	300	300	60	60	60	60	0	0	0	0	0	0	0	0	0	0	0	0	0	0	0	0	0.0	0.0	-0.31764704	0.0	640	400	0	-16
8801	765	275	350	350	300	300	60	60	60	60	0	0	0	0	0	0	0	0	0	0	0	0	0	0	0	0	0.0	0.0	-0.56078434	0.0	640	400	0	-29
8830	907	206	350	350	300	300	60	60	60	60	0	0	0	0	0	0	0	0	0	0	0	0	0	0	0	0	0.0	0.0	-0.64705884	0.0	640	400	0	-33
8868	824	299	350	350	300	300	60	60	60	60	0	0	0	0	0	0	0	0	0	0	0	0	0	0	0	0	0.0	0.0	-0.6156863	0.0	640	400	0	-31
8901	742	468	350	350	300	300	60	60	60	60	0	0	0	0	0	0	0	0	0	0	0	0	0	0	0	0	0.0	0.0	-0.3333333	0.0	640	400	0	-17
8935	827	686	350	350	300	300	60	60	60	60	0	0	0	0	0	0	0	0	0	0	0	0	0	0	0	0	0.0	0.0	-0.3333333	0.0	640	400	0	-17
8968	1007	255	350	350	300	300	60	60	60	60	0	0	0	0	0	0	0	0	0	0	0	0	0	0	0	0	0.0	0.0	-0.3333333	0.0	640	400	0	-17
9001	529	443	350	350	300	300	60	60	60	60	0	0	0	0	0	0	0	0	0	0	0	0	0	0	0	0	0.0	0.0	-0.3333333	0.0	640	400	0	-17
9033	786	304	350	350	300	300	60	60	60	60	0	0	0	0	0	0	0	0	0	0	0	0	0	0	0	0	0.0	0.0	-0.3333333	0.0	640	400	0	-17
9068	754	146	350	350	300	300	60	60	60	60	0	0	0	0	0	0	0	0	0	0	0	0	0	0	0	0	0.0	0.0	-0.3333333	0.0	640	400	0	-17
9100	1058	576	350	350	300	300	60	60	60	60	0	0	0	0	0	0	0	0	0	0	0	0	0	0	0	0	0.0	0.0	-0.3333333	0.0	640	400	0	-17
9135	762	993	350	350	300	300	60	60	60	60	0	0	0	0	0	0	0	0	0	0	0	0	0	0	0	0	0.0	0.0	-0.3333333	0.0	640	400	0	-17
9168	790	-414	350	350	300	300	60	60	60	60	0	0	0	0	0	0	0	0	0	0	0	0	0	0	0	0	0.0	0.0	-0.3333333	0.0	640	400	0	-17
9201	200	262	350	350	300	300	60	60	60	60	0	0	0	0	0	0	0	0	0	0	0	0	0	0	0	0	0.0	0.0	-0.3333333	0.0	640	400	0	-17
9233	398	294	350	350	300	300	60	60	60	60	0	0	0	0	0	0	0	0	0	0	0	0	0	0	0	0	0.0	0.0	-0.3333333	0.0	640	400	0	-17
9267	898	70	350	350	300	300	60	60	60	60	0	0	0	0	0	0	0	0	0	0	0	0	0	0	0	0	0.0	0.0	-0.3333333	0.0	640	400	0	-17
9300	314	225	350	350	300	300	60	60	60	60	0	0	0	0	0	0	0	0	0	0	0	0	0	0	0	0	0.0	0.0	-0.3333333	0.0	640	400	0	-17
9335	729	449	350	350	300	300	60	60	60	60	0	0	0	0	0	0	0	0	0	0	0	0	0	0	0	0	0.0	0.0	-0.3333333	0.0	640	400	0	-17
9367	786	498	350	350	300	300	60	60	60	60	0	0	0	0	0	0	0	0	0	0	0	0	0	0	0	0	0.0	0.0	-0.3333333	0.0	640	400	0	-17
9402	358	390	350	350	300	300	60	60	60	60	0	0	0	0	0	0	0	0	0	0	0	0	0	0	0	0	0.0	0.0	-0.3333333	0.0	640	400	0	-17
9434	261	204	350	350	300	300	60	60	60	60	0	0	0	0	0	0	0	0	0	0	0	0	0	0	0	0	0.0	0.0	-0.3333333	0.0	640	400	0	-17
9467	276	812	350	350	300	300	60	60	60	60	0	0	0	0	0	0	0	0	0	0	0	0	0	0	0	0	0.0	0.0	-0.3333333	0.0	640	400	0	-17
9500	421	328	350	350	300	300	60	60	60	60	0	0	0	0	0	0	0	0	0	0	0	0	0	0	0	0	0.0	0.0	-0.3333333	0.0	640	400	0	-17
9532	647	61	350	350	300	300	60	60	60	60	0	0	0	0	0	0	0	0	0	0	0	0	0	0	0	0	0.0	0.0	-0.3333333	0.0	640	400	0	-17
9567	445	617	350	350	300	300	60	60	60	60	0	0	0	0	0	0	0	0	0	0	0	0	0	0	0	0	0.0	0.0	-0.3333333	0.0	640	400	0	-17
9599	421	444	350	350	300	300	60	60	60	60	0	0	0	0	0	0	0	0	0	0	0	0	0	0	0	0	0.0	0.0	-0.3333333	0.0	640	400	0	-17
9634	976	329	350	350	300	300	60	60	60	60	0	0	0	0	0	0	0	0	0	0	0	0	0	0	0	0	0.0	0.0	-0.3333333	0.0	640	400	0	-17
9666	895	620	350	350	300	300	60	60	60	60	0	0	0	0	0	0	0	0	0	0	0	0	0	0	0	0	0.0	0.0	-0.3333333	0.0	640	400	0	-17
9701	434	221	350	350	300	300	60	60	60	60	0	0	0	0	0	0	0	0	0	0	0	0	0	0	0	0	0.0	0.0	-0.3333333	0.0	640	400	0	-17
9733	834	914	350	350	300	300	60	60	60	60	0	0	0	0	0	0	0	0	0	0	0	0	0	0	0	0	0.0	0.0	-0.3333333	0.0	640	400	0	-17
9767	503	43	350	350	300	300	60	60	60	60	0	0	0	0	0	0	0	0	0	0	0	0	0	0	0	0	0.0	0.0	-0.3333333	0.0	640	400	0	-17
9799	360	550	350	350	300	300	60	60	60	60	0	0	0	0	0	0	0	0	0	0	0	0	0	0	0	0	0.0	0.0	-0.3333333	0.0	640	400	0	-17
9834	174	259	350	350	300	300	60	60	60	60	0	0	0	0	0	0	0	0	0	0	0	0	0	0	0	0	0.0	0.0	-0.3333333	0.0	640	400	0	-17
9866	1313	3	350	350	300	300	60	60	60	60	0	0	0	0	0	0	0	0	0	0	0	0	0	0	0	0	0.0	0.0	-0.3333333	0.0	640	400	0	-17
9901	582	481	350	350	300	300	60	60	60	60	0	0	0	0	0	0	0	0	0	0	0	0	0	0	0	0	0.0	0.0	-0.3333333	0.0	640	400	0	-17
9933	234	797	350	350	300	300	60	60	60	60	0	0	0	0	0	0	0	0	0	0	0	0	0	0	0	0	0.0	0.0	-0.3333333	0.0	640	400	0	-17
9965	260	485	350	350	300	300	60	60	60	60	0	0	0	0	0	0	0	0	0	0	0	0	0	0	0	0	0.0	0.0	-0.3333333	0.0	640	400	0	-17
10000	458	103	350	350	300	300	60	60	60	60	0	0	0	0	0	0	0	0	0	0	0	0	0	0	0	0	0.0	0.0	-0.3333333	0.0	640	400	0	-17
10032	695	167	350	350	300	300	60	60	60	60	0	0	0	0	0	0	0	0	0	0	0	0	0	0	0	0	0.0	0.0	-0.3333333	0.0	640	400	0	-17
10067	848	911	350	350	300	300	60	60	60	60	0	0	0	0	0	0	0	0	0	0	0	0	0	0	0	0	0.0	0.0	-0.3333333	0.0	640	400	0	-17
10098	1159	404	350	350	300	300	60	60	60	60	0	0	0	0	0	0	0	0	0	0	0	0	0	0	0	0	0.0	0.0	-0.3333333	0.0	640	400	0	-17
10133	598	823	350	350	300	300	60	60	60	60	0	0	0	0	0	0	0	0	0	0	0	0	0	0	0	0	0.0	0.0	-0.3333333	0.0	640	400	0	-17
10168	689	438	350	350	300	300	60	60	60	60	0	0	0	0	0	0	0	0	0	0	0	0	0	0	0	0	0.20784318	0.0	-0.3333333	0.16078436	640	400	10	-25
10200	1166	255	350	350	300	300	60	60	60	60	0	0	0	0	0	0	0	0	0	0	0	0	0	0	0	0	0.39607847	0.0	-0.3333333	0.0	640	400	19	-17
10232	662	343	350	350	300	300	60	60	60	60	0	0	0	0	0	0	0	0	0	0	0	0	0	0	0	0	0.30980396	0.0	-0.3333333	0.0	640	400	15	-17
10267	102	681	350	350	300	300	60	60	60	60	0	0	0	0	0	0	0	0	0	0	0	0	0	0	0	0	0.0	0.0	-0.3333333	0.0	640	400	0	-17
10299	563	391	350	350	300	300	60	60	60	60	0	0	0	0	0	0	0	0	0	0	0	0	0	0	0	0	0.0	0.0	-0.3333333	0.0	640	400	0	-17
10333	1024	455	350	350	300	300	60	60	60	60	0	0	0	0	0	0	0	0	0	0	0	0	0	0	0	0	0.0	0.0	-0.3333333	0.0	640	400	0	-17
10365	1162	236	350	350	300	300	60	60	60	60	0	0	0	0	0	0	0	0	0	0	0	0	0	0	0	0	0.0	0.0	-0.3333333	0.0	640	400	0	-17
10400	709	783	350	350	300	300	60	60	60	60	0	0	0	0	0	0	0	0	0	0	0	0	0	0	0	0	0.0	0.0	-0.3333333	0.0	640	400	0	-17
10432	168	160	350	350	300	300	60	60	60	60	0	0	0	0	0	0	0	0	0	0	0	0	0	0	0	0	0.0	0.0	-0.3333333	0.0	640	400	0	-17
10464	569	418	350	350	300	300	60	60	60	60	0	0	0	0	0	0	0	0	0	0	0	0	0	0	0	0	0.0	0.0	-0.3333333	0.0	640	400	0	-17
10499	1044	189	350	350	300	300	60	60	60	60	0	0	0	0	0	0	0	0	0	0	0	0	0	0	0	0	0.0	0.0	-0.3333333	0.0	640	400	0	-17
10534	943	-69	350	350	300	300	60	60	60	60	0	0	0	0	0	0	0	0	0	0	0	0	0	0	0	0	0.0	0.0	-0.3333333	0.0	640	400	0	-17
10566	605	506	350	350	300	300	60	60	60	60	0	0	0	0	0	0	0	0	0	0	0	0	0	0	0	0	0.0	0.0	-0.3333333	0.0	640	400	0	-17
10601	406	172	350	350	300	300	60	60	60	60	0	0	0	0	0	0	0	0	0	0	0	0	0	0	0	0	0.0	0.0	-0.3333333	0.0	640	400	0	-17
10632	829	257	350	350	300	300	60	60	60	60	0	0	0	0	0	0	0	0	0	0	0	0	0	0	0	0	0.0	0.0	-0.3333333	0.0	640	400	0	-17
10664	668	432	350	350	300	300	60	60	60	60	0	0	0	0	0	0	0	0	0	0	0	0	0	0	0	0	0.0	0.0	-0.3333333	0.0	640	400	0	-17
10699	432	428	350	350	300	300	60	60	60	60	0	0	0	0	0	0	0	0	0	0	0	0	0	0	0	0	0.0	0.0	-0.3333333	0.0	640	400	0	-17
10731	145	-71	350	350	300	300	60	60	60	60	0	0	0	0	0	0	0	0	0	0	0	0	0	0	0	0	0.16078436	-0.36470586	-0.3333333	0.0	640	400	26	-17
10766	446	867	350	350	300	300	60	60	60	60	0	0	0	0	0	0	0	0	0	0	0	0	0	0	0	0	0.0	-0.3098039	-0.3333333	0.0	640	400	15	-17
10798	565	129	350	350	300	300	60	60	60	60	0	0	0	0	0	0	0	0	0	0	0	0	0	0	0	0	0.0	0.0	-0.3333333	0.0	640	400	0	-17
10833	363	348	350	350	300	300	60	60	60	60	0	0	0	0	0	0	0	0	0	0	0	0	0	0	0	0	0.0	0.0	-0.3333333	0.0	640	400	0	-17
10865	775	776	350	350	300	300	60	60	60	60	0	0	0	0	0	0	0	0	0	0	0	0	0	0	0	0	0.0	0.0	-0.3333333	0.0	640	400	0	-17
10897	153	405	350	350	300	300	60	60	60	60	0	0	0	0	0	0	0	0	0	0	0	0	0	0	0	0	0.0	0.0	-0.3333333	0.0	640	400	0	-17
10932	463	754	350	350	300	300	60	60	60	60	0	0	0	0	0	0	0	0	0	0	0	0	0	0	0	0	0.0	0.0	-0.3333333	0.16078436	640	400	0	-25
10966	893	275	350	350	300	300	60	60	60	60	0	0	0	0	0	0	0	0	0	0	0	0	0	0	0	0	0.0	0.0	-0.3333333	0.0	640	400	0	-17
11001	617	198	350	350	300	300	60	60	60	60	0	0	0	0	0	0	0	0	0	0	0	0	0	0	0	0	0.0	0.0	-0.3333333	0.0	640	400	0	-17
11033	990	182	350	350	300	300	60	60	60	60	0	0	0	0	0	0	0	0	0	0	0	0	0	0	0	0	0.0	0.0	-0.3333333	0.0	640	400	0	-17
11065	302	260	350	350	300	300	60	60	60	60	0	0	0	0	0	0	0	0	0	0	0	0	0	0	0	0	0.0	0.0	-0.3333333	0.0	640	400	0	-17
11100	134	425	350	350	300	300	60	60	60	60	0	0	0	0	0	0	0	0	0	0	0	0	0	0	0	0	0.0	0.0	-0.3333333	0.0	640	400	0	-17
11132	1622	338	350	350	300	300	60	60	60	60	0	0	0	0	0	0	0	0	0	0	0	0	0	0	0	0	0.30980396	0.0	-0.3333333	0.0	640	400	15	-17
11164	548	544	350	350	300	300	60	60	60	60	0	0	0	0	0	0	0	0	0	0	0	0	0	0	0	0	0.30980396	0.0	-0.3333333	0.0	640	400	15	-17
11198	553	520	350	350	300	300	60	60	60	60	0	0	0	0	0	0	0	0	0	0	0	0	0	0	0	0	0.0	0.0	-0.3333333	0.0	640	400	0	-17
11230	590	143	350	350	300	300	60	60	60	60	0	0	0	0	0	0	0	0	0	0	0	0	0	0	0	0	0.0	0.0	-0.3333333	0.0	640	400	0	-17
11265	1068	410	350	350	300	300	60	60	60	60	0	0	0	0	0	0	0	0	0	0	0	0	0	0	0	0	0.0	0.0	-0.3333333	0.0	640	400	0	-17
11297	348	577	350	350	300	300	60	60	60	60	0	0	0	0	0	0	0	0	0	0	0	0	0	0	0	0	0.0	0.0	-0.3333333	0.0	640	400	0	-17
11332	591	386	350	350	300	300	60	60	60	60	0	0	0	0	0	0	0	0	0	0	0	0	0	0	0	0	0.0	0.0	-0.3333333	0.0	640	400	0	-17
11367	819	721	350	350	300	300	60	60	60	60	0	0	0	0	0	0	0	0	0	0	0	0	0	0	0	0	0.0	0.0	-0.3333333	0.0	640	400	0	-17
11401	737	198	350	350	300	300	60	60	60	60	0	0	0	0	0	0	0	0	0	0	0	0	0	0	0	0	0.0	0.0	-0.3333333	0.0	640	400	0	-17
11431	599	395	350	350	300	300	60	60	60	60	0	0	0	0	0	0	0	0	0	0	0	0	0	0	0	0	0.0	0.0	-0.3333333	0.0	640	400	0	-17
11465	847	415	350	350	300	300	60	60	60	60	0	0	0	0	0	0	0	0	0	0	0	0	0	0	0	0	0.0	0.0	-0.3333333	0.0	640	400	0	-17
11497	403	496	350	350	300	300	60	60	60	60	0	0	0	0	0	0	0	0	0	0	0	0	0	0	0	0	0.0	0.0	-0.3333333	0.0	640	400	0	-17
11532	1116	793	350	350	300	300	60	60	60	60	0	0	0	0	0	0	0	0	0	0	0	0	0	0	0	0	0.0	0.0	-0.3333333	0.0	640	400	0	-17
11565	244	637	350	350	300	300	60	60	60	60	0	0	0	0	0	0	0	0	0	0	0	0	0	0	0	0	0.0	0.0	-0.3333333	0.0	640	400	0	-17
11599	419	626	350	350	300	300	60	60	60	60	0	0	0	0	0	0	0	0	0	0	0	0	0	0	0	0	0.0	0.0	-0.3333333	0.0	640	400	0	-17
11634	18	630	350	350	300	300	60	60	60	60	0	0	0	0	0	0	0	0	0	0	0	0	0	0	0	0	0.0	0.0	-0.3333333	0.0	640	400	0	-17
11666	864	674	350	350	300	300	60	60	60	60	0	0	0	0	0	0	0	0	0	0	0	0	0	0	0	0	0.0	0.0	-0.3333333	0.0	640	400	0	-17
11698	657	363	350	350	300	300	60	60	60	60	0	0	0	0	0	0	0	0	0	0	0	0	0	0	0	0	0.0	0.0	-0.3333333	0.0	640	400	0	-17
11732	835	192	350	350	300	300	60	60	60	60	0	0	0	0	0	0	0	0	0	0	0	0	0	0	0	0	0.0	0.0	-0.27843136	0.0	640	400	0	-14
11767	480	48	350	350	300	300	60	60	60	60	0	0	0	0	0	0	0	0	0	0	0	0	0	0	0	0	0.0	0.0	0.0	-0.26274508	640	400	0	13
11800	490	156	350	350	300	300	60	60	60	60	0	0	0	0	0	0	0	0	0	0	0	0	0	0	0	0	0.0	0.0	0.52156866	-0.70980394	640	400	0	61
11832	397	113	350	350	300	300	60	60	60	60	0	0	0	0	0	0	0	0	0	0	0	0	0	0	0	0	0.0	0.0	0.6392157	-0.78039217	640	400	0	70
11866	744	655	350	350	300	300	60	60	60	60	0	0	0	0	0	0	0	0	0	0	0	0	0	0	0	0	0.0	0.0	0.6392157	-0.7411765	640	400	0	69
11898	600	299	350	350	300	300	60	60	60	60	0	0	0	0	0	0	0	0	0	0	0	0	0	0	0	0	0.0	0.0	0.36470592	-0.32549018	640	400	0	34
11935	714	795	350	350	300	300	60	60	60	60	0	0	0	0	0	0	0	0	0	0	0	0	0	0	0	0	0.0	0.0	-0.27843136	0.16078436	640	400	0	-22
11965	402	703	350	350	300	300	60	60	60	60	0	0	0	0	0	0	0	0	0	0	0	0	0	0	0	0	0.0	0.0	-0.27843136	0.16078436	640	400	0	-22
12002	287	144	350	350	300	300	60	60	60	60	0	0	0	0	0	0	0	0	0	0	0	0	0	0	0	0	0.0	0.0	-0.27843136	0.16078436	640	400	0	-22
12031	443	543	350	350	300	300	60	60	60	60	0	0	0	0	0	0	0	0	0	0	0	0	0	0	0	0	0.0	0.0	-0.27843136	0.16078436	640	400	0	-22
12066	-84	133	350	350	300	300	60	60	60	60	0	0	0	0	0	0	0	0	0	0	0	0	0	0	0	0	0.0	0.0	-0.27843136	0.16078436	640	400	0	-22
12101	653	546	350	350	300	300	60	60	60	60	0	0	0	0	0	0	0	0	0	0	0	0	0	0	0	0	0.0	0.0	-0.27843136	0.16078436	640	400	0	-22
12134	669	837	350	350	300	300	60	60	60	60	0	0	0	0	0	0	0	0	0	0	0	0	0	0	0	0	0.0	0.0	-0.27843136	0.16078436	640	400	0	-22
12168	188	840	350	350	300	300	60	60	60	60	0	0	0	0	0	0	0	0	0	0	0	0	0	0	0	0	0.0	0.0	-0.27843136	0.16078436	640	400	0	-22
12197	615	273	350	350	300	300	60	60	60	60	0	0	0	0	0	0	0	0	0	0	0	0	0	0	0	0	0.0	0.0	-0.27843136	0.16078436	640	400	0	-22
12235	478	97	350	350	300	300	60	60	60	60	0	0	0	0	0	0	0	0	0	0	0	0	0	0	0	0	0.0	0.0	-0.27843136	0.16078436	640	400	0	-22
12264	1056	-30	350	350	300	300	60	60	60	60	0	0	0	0	0	0	0	0	0	0	0	0	0	0	0	0	0.0	0.0	-0.27843136	0.16078436	640	400	0	-22
12301	910	369	350	350	300	300	60	60	60	60	0	0	0	0	0	0	0	0	0	0	0	0	0	0	0	0	0.0	0.0	-0.27843136	0.16078436	640	400	0	-22
12334	1312	574	350	350	300	300	60	60	60	60	0	0	0	0	0	0	0	0	0	0	0	0	0	0	0	0	0.0	0.0	-0.27843136	0.16078436	640	400	0	-22
12368	682	-195	350	350	300	300	60	60	60	60	0	0	0	0	0	0	0	0	0	0	0	0	0	0	0	0	0.0	0.0	-0.27843136	0.16078436	640	400	0	-22
12400	330	226	350	350	300	300	60	60	60	60	0	0	0	0	0	0	0	0	0	0	0	0	0	0	0	0	0.0	0.0	-0.27843136	0.16078436	640	400	0	-22
12435	129	1053	350	350	300	300	60	60	60	60	0	0	0	0	0	0	0	0	0	0	0	0	0	0	0	0	0.0	0.0	-0.27843136	0.16078436	640	400	0	-22
12467	645	426	350	350	300	300	60	60	60	60	0	0	0	0	0	0	0	0	0	0	0	0	0	0	0	0	0.0	0.0	-0.27843136	0.16078436	640	400	0	-22
12502	688	79	350	350	300	300	60	60	60	60	0	0	0	0	0	0	0	0	0	0	0	0	0	0	0	0	0.0	0.0	-0.27843136	0.16078436	640	400	0	-22
12534	859	673	350	350	300	300	60	60	60	60	0	0	0	0	0	0	0	0	0	0	0	0	0	0	0	0	0.0	0.0	-0.27843136	0.16078436	640	400	0	-22
12567	244	179	350	350	300	300	60	60	60	60	0	0	0	0	0	0	0	0	0	0	0	0	0	0	0	0	0.0	0.0	-0.27843136	0.16078436	640	400	0	-22
12598	641	309	350	350	300	300	60	60	60	60	0	0	0	0	0	0	0	0	0	0	0	0	0	0	0	0	0.0	0.0	-0.27843136	0.16078436	640	400	0	-22
12633	276	463	350	350	300	300	60	60	60	60	0	0	0	0	0	0	0	0	0	0	0	0	0	0	0	0	0.0	0.0	-0.27843136	0.16078436	640	400	0	-22
12667	417	870	350	350	300	300	60	60	60	60	0	0	0	0	0	0	0	0	0	0	0	0	0	0	0	0	0.0	0.0	-0.27843136	0.16078436	640	400	0	-22
12702	380	-235	350	350	300	300	60	60	60	60	0	0	0	0	0	0	0	0	0	0	0	0	0	0	0	0	0.0	0.0	-0.27843136	0.16078436	640	400	0	-22
12734	422	612	350	350	300	300	60	60	60	60	0	0	0	0	0	0	0	0	0	0	0	0	0	0	0	0	0.0	0.0	-0.27843136	0.16078436	640	400	0	-22
12766	746	403	350	350	300	300	60	60	60	60	0	0	0	0	0	0	0	0	0	0	0	0	0	0	0	0	0.0	0.0	-0.27843136	0.16078436	640	400	0	-22
12801	763	507	350	350	300	300	60	60	60	60	0	0	0	0	0	0	0	0	0	0	0	0	0	0	0	0	0.0	0.0	-0.27843136	0.16078436	640	400	0	-22
12832	485	1108	350	350	300	300	60	60	60	60	0	0	0	0	0	0	0	0	0	0	0	0	0	0	0	0	0.0	0.0	-0.27843136	0.16078436	640	400	0	-22
12868	345	449	350	350	300	300	60	60	60	60	0	0	0	0	0	0	0	0	0	0	0	0	0	0	0	0	0.0	0.0	-0.27843136	0.16078436	640	400	0	-22
12900	529	764	350	350	300	300	60	60	60	60	0	0	0	0	0	0	0	0	0	0	0	0	0	0	0	0	0.0	0.0	-0.27843136	0.16078436	640	400	0	-22
12934	625	733	350	350	300	300	60	60	60	60	0	0	0	0	0	0	0	0	0	0	0	0	0	0	0	0	0.0	0.0	-0.27843136	0.16078436	640	400	0	-22
12966	684	921	350	350	300	300	60	60	60	60	0	0	0	0	0	0	0	0	0	0	0	0	0	0	0	0	0.0	0.0	-0.27843136	0.16078436	640	400	0	-22
13001	612	288	350	350	300	300	60	60	60	60	0	0	0	0	0	0	0	0	0	0	0	0	0	0	0	0	0.0	0.0	-0.27843136	0.16078436	640	400	0	-22
13033	655	459	350	350	300	300	60	60	60	60	0	0	0	0	0	0	0	0	0	0	0	0	0	0	0	0	0.0	0.0	-0.27843136	0.16078436	640	400	0	-22
13068	909	84	350	350	300	300	60	60	60	60	0	0	0	0	0	0	0	0	0	0	0	0	0	0	0	0	0.0	0.0	-0.27843136	0.16078436	640	400	0	-22
13100	541	981	350	350	300	300	60	60	60	60	0	0	0	0	0	0	0	0	0	0	0	0	0	0	0	0	0.0	0.0	-0.27843136	0.16078436	640	400	0	-22
13134	846	637	350	350	300	300	60	60	60	60	0	0	0	0	0	0	0	0	0	0	0	0	0	0	0	0	0.0	0.0	-0.27843136	0.16078436	640	400	0	-22
13167	364	81	350	350	300	300	60	60	60	60	0	0	0	0	0	0	0	0	0	0	0	0	0	0	0	0	-0.32549018	0.0	-0.27843136	0.16078436	640	400	-17	-22
13201	502	660	350	350	300	300	60	60	60	60	0	0	0	0	0	0	0	0	0	0	0	0	0	0	0	0	-1.0	-0.41176468	-0.27843136	0.16078436	640	400	-30	-22
13233	1191	878	350	350	300	300	60	60	60	60	0	0	0	0	0	0	0	0	0	0	0	0	0	0	0	0	-1.0	-0.45098037	-0.31764704	0.16078436	640	400	-28	-24
13265	753	896	350	350	300	300	60	60	60	60	0	0	0	0	0	0	0	0	0	0	0	0	0	0	0	0	-1.0	-0.20784312	-0.38823527	0.0	640	400	-40	-20
13300	929	751	350	350	300	300	60	60	60	60	0	0	0	0	0	0	0	0	0	0	0	0	0	0	0	0	0.0	0.0	-0.77254903	0.0	640	400	0	-39
13332	839	536	350	350	300	300	60	60	60	60	0	0	0	0	0	0	0	0	0	0	0	0	0	0	0	0	0.0	0.0	-1.0	0.0	640	400	0	-50
13366	333	596	350	350	300	300	60	60	60	60	0	0	0	0	0	0	0	0	0	0	0	0	0	0	0	0	0.0	0.0	-1.0	0.0	640	400	0	-50
13398	400	669	350	350	300	300	60	60	60	60	0	0	0	0	0	0	0	0	0	0	0	0	0	0	0	0	0.0	0.0	-1.0	0.0	640	400	0	-50
13433	838	131	350	350	300	300	60	60	60	60	0	0	0	0	0	0	0	0	0	0	0	0	0	0	0	0	0.0	0.0	-1.0	0.0	640	400	0	-50
13465	1043	565	350	350	300	300	60	60	60	60	0	0	0	0	0	0	0	0	0	0	0	0	0	0	0	0	0.0	0.0	-0.45098037	0.0	640	400	0	-23
13500	214	557	350	350	300	300	60	60	60	60	0	0	0	0	0	0	0	0	0	0	0	0	0	0	0	0	0.0	0.0	-0.3333333	0.0	640	400	0	-17
13535	435	292	350	350	300	300	60	60	60	60	0	0	0	0	0	0	0	0	0	0	0	0	0	0	0	0	0.0	0.0	-0.3333333	0.0	640	400	0	-17
13564	564	119	350	350	300	300	60	60	60	60	0	0	0	0	0	0	0	0	0	0	0	0	0	0	0	0	0.0	0.0	-0.3333333	0.0	640	400	0	-17
13602	309	167	350	350	300	300	60	60	60	60	0	0	0	0	0	0	0	0	0	0	0	0	0	0	0	0	0.0	0.0	-0.3333333	0.0	640	400	0	-17
13631	747	770	350	350	300	300	60	60	60	60	0	0	0	0	0	0	0	0	0	0	0	0	0	0	0	0	0.0	0.0	-0.3333333	0.0	640	400	0	-17
13668	763	630	350	350	300	300	60	60	60	60	0	0	0	0	0	0	0	0	0	0	0	0	0	0	0	0	0.0	0.0	-0.3333333	0.0	640	400	0	-17
13700	682	289	350	350	300	300	60	60	60	60	0	0	0	0	0	0	0	0	0	0	0	0	0	0	0	0	0.0	0.0	-0.3333333	0.0	640	400	0	-17
13735	480	442	350	350	300	300	60	60	60	60	0	0	0	0	0	0	0	0	0	0	0	0	0	0	0	0	0.0	0.0	-0.3333333	0.0	640	400	0	-17
13767	762	41	350	350	300	300	60	60	60	60	0	0	0	0	0	0	0	0	0	0	0	0	0	0	0	0	0.0	0.0	-0.3333333	0.0	640	400	0	-17
13799	-188	-115	350	350	300	300	60	60	60	60	0	0	0	0	0	0	0	0	0	0	0	0	0	0	0	0	0.0	0.0	-0.3333333	0.0	640	400	0	-17
13831	835	54	350	350	300	300	60	60	60	60	0	0	0	0	0	0	0	0	0	0	0	0	0	0	0	0	0.0	0.0	-0.3333333	0.0	640	400	0	-17
13866	915	113	350	350	300	300	60	60	60	60	0	0	0	0	0	0	0	0	0	0	0	0	0	0	0	0	0.0	0.0	-0.3333333	0.0	640	400	0	-17
13900	940	69	350	350	300	300	60	60	60	60	0	0	0	0	0	0	0	0	0	0	0	0	0	0	0	0	0.0	0.0	-0.3333333	0.0	640	400	0	-17
13932	987	706	350	350	300	300	60	60	60	60	0	0	0	0	0	0	0	0	0	0	0	0	0	0	0	0	0.0	0.0	-0.3333333	0.0	640	400	0	-17
13967	799	347	350	350	300	300	60	60	60	60	0	0	0	0	0	0	0	0	0	0	0	0	0	0	0	0	0.0	0.0	-0.3333333	0.0	640	400	0	-17
13999	575	525	350	350	300	300	60	60	60	60	0	0	0	0	0	0	0	0	0	0	0	0	0	0	0	0	0.0	0.0	-0.3333333	0.0	640	400	0	-17
14034	780	507	350	350	300	300	60	60	60	60	0	0	0	0	0	0	0	0	0	0	0	0	0	0	0	0	0.0	0.0	-0.3333333	0.0	640	400	0	-17
14066	776	257	350	350	300	300	60	60	60	60	0	0	0	0	0	0	0	0	0	0	0	0	0	0	0	0	0.0	0.0	-0.3333333	0.0	640	400	0	-17
14101	403	278	350	350	300	300	60	60	60	60	0	0	0	0	0	0	0	0	0	0	0	0	0	0	0	0	0.0	0.0	-0.3333333	0.0	640	400	0	-17
14133	549	9	350	350	300	300	60	60	60	60	0	0	0	0	0	0	0	0	0	0	0	0	0	0	0	0	0.0	0.0	-0.3333333	0.0	640	400	0	-17
14165	424	667	350	350	300	300	60	60	60	60	0	0	0	0	0	0	0	0	0	0	0	0	0	0	0	0	0.0	0.0	-0.3333333	0.0	640	400	0	-17
14199	572	183	350	350	300	300	60	60	60	60	0	0	0	0	0	0	0	0	0	0	0	0	0	0	0	0	0.0	0.0	-0.3333333	0.0	640	400	0	-17
14231	1143	261	350	350	300	300	60	60	60	60	0	0	0	0	0	0	0	0	0	0	0	0	0	0	0	0	0.0	0.0	-0.3333333	0.0	640	400	0	-17
14266	397	672	350	350	300	300	60	60	60	60	0	0	0	0	0	0	0	0	0	0	0	0	0	0	0	0	0.0	0.0	-0.3333333	0.0	640	400	0	-17
14302	28	472	350	350	300	300	60	60	60	60	0	0	0	0	0	0	0	0	0	0	0	0	0	0	0	0	0.0	0.0	-0.3333333	0.0	640	400	0	-17
14333	682	1026	350	350	300	300	60	60	60	60	0	0	0	0	0	0	0	0	0	0	0	0	0	0	0	0	0.0	0.0	-0.3333333	0.0	640	400	0	-17
14365	296	166	350	350	300	300	60	60	60	60	0	0	0	0	0	0	0	0	0	0	0	0	0	0	0	0	0.0	0.0	-0.3333333	0.0	640	400	0	-17
14402	774	913	350	350	300	300	60	60	60	60	0	0	0	0	0	0	0	0	0	0	0	0	0	0	0	0	0.0	0.0	-0.3333333	0.0	640	400	0	-17
14434	764	284	350	350	300	300	60	60	60	60	0	0	0	0	0	0	0	0	0	0	0	0	0	0	0	0	0.0	0.0	-0.3333333	0.0	640	400	0	-17
14466	286	231	350	350	300	300	60	60	60	60	0	0	0	0	0	0	0	0	0	0	0	0	0	0	0	0	0.0	0.0	-0.3333333	0.0	640	400	0	-17
14498	969	385	350	350	300	300	60	60	60	60	0	0	0	0	0	0	0	0	0	0	0	0	0	0	0	0	0.0	0.0	-0.3333333	0.0	640	400	0	-17
