millis	xpos	ypos	sX	sY	dpX	dpY	red	green	blue	opacity	A1	A2	A3	A4	L1	R1	L2	R2	S1	S2	M1	M2	up	down	left	right	anlgX	anlgY	anlgU	anlgV	x_mean	y_mean	joy1_int	joy2_int
1220506	613	343	116	483	269	187	4	90	29	106	0	0	0	0	0	0	0	0	1	0	0	0	0	0	0	0	0.0	0.0	0.0	0.0	630	400	0	0
1221541	910	304	116	483	269	187	4	90	29	106	0	0	0	1	0	0	0	0	0	0	0	0	0	0	0	0	0.0	0.0	0.0	0.0	630	400	0	0
1221574	571	475	116	483	269	187	4	90	29	106	0	0	0	1	0	0	0	0	0	0	0	0	0	0	0	0	0.0	0.0	0.0	0.0	630	400	0	0
1221607	583	895	116	483	269	187	4	90	29	106	0	0	0	1	0	0	0	0	0	0	0	0	0	0	0	0	0.41176474	-0.20784312	0.0	0.0	630	400	30	0
1221641	772	562	116	483	269	187	4	90	29	107	0	0	0	1	0	0	0	0	0	0	0	0	0	0	0	0	1.0	-0.62352943	0.0	0.0	630	400	81	0
1221675	245	733	116	483	269	187	4	90	29	110	0	0	0	1	0	0	0	0	0	0	0	0	0	0	0	0	1.0	-0.96862745	0.0	0.0	630	400	98	0
1221710	966	223	116	483	269	187	4	90	29	113	0	0	0	1	0	0	0	0	0	0	0	0	0	0	0	0	1.0	-1.0	0.0	0.0	630	400	100	0
1221741	622	216	116	483	269	187	4	90	29	117	0	0	0	1	0	0	0	0	0	0	0	0	0	0	0	0	1.0	-1.0	0.0	0.0	630	400	100	0
1221775	562	481	116	483	269	187	4	90	29	121	0	0	0	1	0	0	0	0	0	0	0	0	0	0	0	0	1.0	-1.0	0.0	0.0	630	400	100	0
1221810	789	780	116	483	269	187	4	90	29	125	0	0	0	1	0	0	0	0	0	0	0	0	0	0	0	0	1.0	-1.0	0.0	0.0	630	400	100	0
1221841	349	444	116	483	269	187	4	90	29	129	0	0	0	1	0	0	0	0	0	0	0	0	0	0	0	0	1.0	-1.0	0.0	0.0	630	400	100	0
1221874	751	421	116	483	269	187	4	90	29	133	0	0	0	1	0	0	0	0	0	0	0	0	0	0	0	0	1.0	-1.0	0.0	0.0	630	400	100	0
1221908	543	653	116	483	269	187	4	90	29	137	0	0	0	1	0	0	0	0	0	0	0	0	0	0	0	0	1.0	-1.0	0.0	0.0	630	400	100	0
1221941	858	359	116	483	269	187	4	90	29	141	0	0	0	1	0	0	0	0	0	0	0	0	0	0	0	0	1.0	-1.0	0.0	0.0	630	400	100	0
1221974	1314	51	116	483	269	187	4	90	29	145	0	0	0	1	0	0	0	0	0	0	0	0	0	0	0	0	1.0	-1.0	0.0	0.0	630	400	100	0
1222007	827	516	116	483	269	187	4	90	29	149	0	0	0	1	0	0	0	0	0	0	0	0	0	0	0	0	1.0	-1.0	0.0	0.0	630	400	100	0
1222041	696	601	116	483	269	187	4	90	29	153	0	0	0	1	0	0	0	0	0	0	0	0	0	0	0	0	1.0	-1.0	0.0	0.0	630	400	100	0
1222074	576	649	116	483	269	187	4	90	29	157	0	0	0	1	0	0	0	0	0	0	0	0	0	0	0	0	1.0	-1.0	0.0	0.0	630	400	100	0
1222107	849	497	116	483	269	187	4	90	29	161	0	0	0	1	0	0	0	0	0	0	0	0	0	0	0	0	1.0	-1.0	0.0	0.0	630	400	100	0
1222140	675	266	116	483	269	187	4	90	29	165	0	0	0	1	0	0	0	0	0	0	0	0	0	0	0	0	1.0	-1.0	0.0	0.0	630	400	100	0
1222174	309	393	116	483	269	187	4	90	29	169	0	0	0	1	0	0	0	0	0	0	0	0	0	0	0	0	1.0	-1.0	0.0	0.0	630	400	100	0
1222206	569	230	116	483	269	187	4	90	29	173	0	0	0	1	0	0	0	0	0	0	0	0	0	0	0	0	1.0	-1.0	0.0	0.0	630	400	100	0
1222241	780	521	116	483	269	187	4	90	29	177	0	0	0	1	0	0	0	0	0	0	0	0	0	0	0	0	1.0	-1.0	0.0	0.0	630	400	100	0
1222273	678	-211	116	483	269	187	4	90	29	181	0	0	0	1	0	0	0	0	0	0	0	0	0	0	0	0	1.0	-1.0	0.0	0.0	630	400	100	0
1222310	746	410	116	483	269	187	4	90	29	185	0	0	0	1	0	0	0	0	0	0	0	0	0	0	0	0	1.0	-1.0	0.0	0.0	630	400	100	0
1222340	911	456	116	483	269	187	4	90	29	189	0	0	0	1	0	0	0	0	0	0	0	0	0	0	0	0	1.0	-1.0	0.0	0.0	630	400	100	0
1222372	1188	233	116	483	269	187	4	90	29	193	0	0	0	1	0	0	0	0	0	0	0	0	0	0	0	0	1.0	-1.0	0.0	0.0	630	400	100	0
1222409	726	407	116	483	269	187	4	90	29	197	0	0	0	1	0	0	0	0	0	0	0	0	0	0	0	0	1.0	-1.0	0.0	0.0	630	400	100	0
1222440	530	549	116	483	269	187	4	90	29	201	0	0	0	1	0	0	0	0	0	0	0	0	0	0	0	0	1.0	-1.0	0.0	0.0	630	400	100	0
1222473	630	188	116	483	269	187	4	90	29	205	0	0	0	1	0	0	0	0	0	0	0	0	0	0	0	0	1.0	-1.0	0.0	0.0	630	400	100	0
1222506	628	422	116	483	269	187	4	90	29	209	0	0	0	1	0	0	0	0	0	0	0	0	0	0	0	0	1.0	-1.0	0.0	0.0	630	400	100	0
1222542	1060	564	116	483	269	187	4	90	29	213	0	0	0	1	0	0	0	0	0	0	0	0	0	0	0	0	1.0	-1.0	0.0	0.0	630	400	100	0
1222575	876	400	116	483	269	187	4	90	29	217	0	0	0	1	0	0	0	0	0	0	0	0	0	0	0	0	1.0	-1.0	0.0	0.0	630	400	100	0
1222609	711	117	116	483	269	187	4	90	29	221	0	0	0	1	0	0	0	0	0	0	0	0	0	0	0	0	1.0	-1.0	0.0	0.0	630	400	100	0
1222639	74	429	116	483	269	187	4	90	29	225	0	0	0	1	0	0	0	0	0	0	0	0	0	0	0	0	1.0	-1.0	0.0	0.0	630	400	100	0
1222672	714	516	116	483	269	187	4	90	29	229	0	0	0	1	0	0	0	0	0	0	0	0	0	0	0	0	1.0	-1.0	0.0	0.0	630	400	100	0
1222706	172	530	116	483	269	187	4	90	29	233	0	0	0	1	0	0	0	0	0	0	0	0	0	0	0	0	1.0	-1.0	0.0	0.0	630	400	100	0
1222738	527	721	116	483	269	187	4	90	29	237	0	0	0	1	0	0	0	0	0	0	0	0	0	0	0	0	1.0	-1.0	0.0	0.0	630	400	100	0
1222772	663	581	116	483	269	187	4	90	29	241	0	0	0	1	0	0	0	0	0	0	0	0	0	0	0	0	1.0	-1.0	0.0	0.0	630	400	100	0
1222805	576	409	116	483	269	187	4	90	29	245	0	0	0	1	0	0	0	0	0	0	0	0	0	0	0	0	1.0	-1.0	0.0	0.0	630	400	100	0
1222842	597	313	116	483	269	187	4	90	29	249	0	0	0	1	0	0	0	0	0	0	0	0	0	0	0	0	1.0	-1.0	0.0	0.0	630	400	100	0
1222875	476	634	116	483	269	187	4	90	29	253	0	0	0	1	0	0	0	0	0	0	0	0	0	0	0	0	1.0	-1.0	0.0	0.0	630	400	100	0
1222906	343	413	116	483	269	187	4	90	29	255	0	0	0	1	0	0	0	0	0	0	0	0	0	0	0	0	1.0	-1.0	0.0	0.0	630	400	100	0
1222941	346	691	116	483	269	187	4	90	29	255	0	0	0	1	0	0	0	0	0	0	0	0	0	0	0	0	1.0	-1.0	0.0	0.0	630	400	100	0
1222975	311	191	116	483	269	187	4	90	29	255	0	0	0	1	0	0	0	0	0	0	0	0	0	0	0	0	1.0	-1.0	0.0	0.0	630	400	100	0
1223008	695	232	116	483	269	187	4	90	29	255	0	0	0	1	0	0	0	0	0	0	0	0	0	0	0	0	1.0	-1.0	0.0	0.0	630	400	100	0
1223042	771	279	116	483	269	187	4	90	29	255	0	0	0	1	0	0	0	0	0	0	0	0	0	0	0	0	1.0	-1.0	0.0	0.0	630	400	100	0
1223077	545	502	116	483	269	187	4	90	29	255	0	0	0	1	0	0	0	0	0	0	0	0	0	0	0	0	1.0	-1.0	0.0	0.0	630	400	100	0
1223110	915	408	116	483	269	187	4	90	29	255	0	0	0	1	0	0	0	0	0	0	0	0	0	0	0	0	1.0	-1.0	0.0	0.0	630	400	100	0
1223139	404	567	116	483	269	187	4	90	29	255	0	0	0	1	0	0	0	0	0	0	0	0	0	0	0	0	1.0	-1.0	0.0	0.0	630	400	100	0
1223172	396	245	116	483	269	187	4	90	29	255	0	0	0	1	0	0	0	0	0	0	0	0	0	0	0	0	1.0	-1.0	0.0	0.0	630	400	100	0
1223205	488	411	116	483	269	187	4	90	29	255	0	0	0	1	0	0	0	0	0	0	0	0	0	0	0	0	1.0	-1.0	0.0	0.0	630	400	100	0
1223242	809	344	116	483	269	187	4	90	29	255	0	0	0	1	0	0	0	0	0	0	0	0	0	0	0	0	1.0	-1.0	0.0	0.0	630	400	100	0
1223274	681	842	116	483	269	187	4	90	29	255	0	0	0	1	0	0	0	0	0	0	0	0	0	0	0	0	1.0	-1.0	0.0	0.0	630	400	100	0
1223309	230	336	116	483	269	187	4	90	29	255	0	0	0	1	0	0	0	0	0	0	0	0	0	0	0	0	1.0	-1.0	0.0	0.0	630	400	100	0
1223343	447	427	116	483	269	187	4	90	29	255	0	0	0	0	0	0	0	0	0	0	0	0	0	0	0	0	1.0	-1.0	0.0	0.0	630	400	100	0
1223374	1075	282	116	483	269	187	4	90	29	255	0	0	0	0	0	0	0	0	0	0	0	0	0	0	0	0	1.0	-1.0	0.0	0.0	630	400	100	0
1223410	683	449	116	483	269	187	4	90	29	255	0	0	0	0	0	0	0	0	0	0	0	0	0	0	0	0	1.0	-1.0	0.0	0.0	630	400	100	0
1223443	925	433	116	483	269	187	4	90	29	255	0	0	0	0	0	0	0	0	0	0	0	0	0	0	0	0	1.0	-1.0	0.0	0.0	630	400	100	0
1223477	163	232	116	483	269	187	4	90	29	255	0	0	0	0	0	0	0	0	0	0	0	0	0	0	0	0	1.0	-1.0	0.0	0.0	630	400	100	0
1223510	493	244	116	483	269	187	4	90	29	255	0	0	0	0	0	0	0	0	0	0	0	0	0	0	0	0	1.0	-1.0	0.0	0.0	630	400	100	0
1223540	835	146	116	483	269	187	4	90	29	255	0	0	0	0	0	0	0	0	0	0	0	0	0	0	0	0	1.0	-1.0	0.0	0.0	630	400	100	0
1223573	318	18	116	483	269	187	4	90	29	255	0	0	0	0	0	0	0	0	0	0	0	0	0	0	0	0	1.0	-1.0	0.0	0.0	630	400	100	0
1223610	515	338	116	483	269	187	4	90	29	255	0	0	0	0	0	0	0	0	0	0	0	0	0	0	0	0	1.0	-1.0	0.0	0.0	630	400	100	0
1223638	168	341	116	483	269	187	4	90	29	255	0	0	0	0	0	0	0	0	0	0	0	0	0	0	0	0	1.0	-1.0	0.0	0.0	630	400	100	0
1223672	483	326	116	483	269	187	4	90	29	255	0	0	0	0	0	0	0	0	0	0	0	0	0	0	0	0	1.0	-1.0	0.0	0.0	630	400	100	0
1223709	556	464	116	483	269	187	4	90	29	255	0	0	0	0	0	0	0	0	0	0	0	0	0	0	0	0	1.0	-1.0	0.0	0.0	630	400	100	0
1223743	716	743	116	483	269	187	4	90	29	255	0	0	0	0	0	0	0	0	0	0	0	0	0	0	0	0	1.0	-1.0	0.0	0.0	630	400	100	0
1223771	211	374	116	483	269	187	4	90	29	255	0	0	0	0	0	0	0	0	0	0	0	0	0	0	0	0	0.9764706	-1.0	0.0	0.0	630	400	98	0
1223806	650	260	116	483	269	187	4	90	29	255	0	0	0	0	0	0	0	0	0	0	0	0	0	0	0	0	0.20000005	-0.36470586	0.0	0.0	630	400	28	0
1224043	468	211	116	483	269	187	4	90	29	255	0	0	0	0	0	0	0	0	0	0	0	0	0	0	0	0	0.16078436	0.0	0.0	0.0	630	400	8	0
1224076	274	-61	116	483	269	187	4	90	29	255	0	0	0	0	0	0	0	0	0	0	0	0	0	0	0	0	0.4039216	-0.23921567	0.0	0.0	630	400	32	0
1224109	216	373	116	483	269	187	4	90	29	255	0	0	0	0	0	0	0	0	0	0	0	0	0	0	0	0	1.0	-0.64705884	0.0	0.0	630	400	82	0
1224143	559	785	116	483	269	187	4	90	29	255	0	0	0	0	0	0	0	0	0	0	0	0	0	0	0	0	1.0	-1.0	0.0	0.0	630	400	100	0
1224176	665	322	116	483	269	187	4	90	29	255	0	0	0	0	0	0	0	0	0	0	0	0	0	0	0	0	1.0	-1.0	0.0	0.0	630	400	100	0
1224209	638	407	116	483	269	187	4	90	29	255	0	0	0	0	0	0	0	0	0	0	0	0	0	0	0	0	1.0	-1.0	0.0	0.0	630	400	100	0
1224242	377	651	116	483	269	187	4	90	29	255	0	0	0	0	0	0	0	0	0	0	0	0	0	0	0	0	1.0	-1.0	0.0	0.0	630	400	100	0
1224276	496	423	116	483	269	187	4	90	29	255	0	0	0	0	0	0	0	0	0	0	0	0	0	0	0	0	1.0	-1.0	0.0	0.0	630	400	100	0
1224309	852	240	116	483	269	187	4	90	29	255	0	0	0	0	0	0	0	0	0	0	0	0	0	0	0	0	1.0	-1.0	0.0	0.0	630	400	100	0
1224342	618	343	116	483	269	187	4	90	29	255	0	0	0	0	0	0	0	0	0	0	0	0	0	0	0	0	1.0	-1.0	0.0	0.0	630	400	100	0
1224375	745	369	116	483	269	187	4	90	29	255	0	0	0	0	0	0	0	0	0	0	0	0	0	0	0	0	1.0	-1.0	0.0	0.0	630	400	100	0
1224409	640	345	116	483	269	187	4	90	29	255	0	0	0	0	0	0	0	0	0	0	0	0	0	0	0	0	1.0	-1.0	0.0	0.0	630	400	100	0
1224442	315	520	116	483	269	187	4	90	29	255	0	0	0	0	0	0	0	0	0	0	0	0	0	0	0	0	1.0	-1.0	0.0	0.0	630	400	100	0
1224476	872	265	116	483	269	187	4	90	29	255	0	0	0	0	0	0	0	0	0	0	0	0	0	0	0	0	1.0	-1.0	0.0	0.0	630	400	100	0
1224509	536	486	116	483	269	187	4	90	29	255	0	0	0	0	0	0	0	0	0	0	0	0	0	0	0	0	1.0	-1.0	0.0	0.0	630	400	100	0
1224542	606	75	116	483	269	187	4	90	29	255	0	0	0	0	0	0	0	0	0	0	0	0	0	0	0	0	1.0	-1.0	0.0	0.0	630	400	100	0
1224575	659	205	116	483	269	187	4	90	29	255	0	0	0	0	0	0	0	0	0	0	0	0	0	0	0	0	1.0	-1.0	0.0	0.0	630	400	100	0
1224608	635	-155	116	483	269	187	4	90	29	255	0	0	0	0	0	0	0	0	0	0	0	0	0	0	0	0	1.0	-1.0	0.0	0.0	630	400	100	0
1224642	199	210	116	483	269	187	4	90	29	255	0	0	0	0	0	0	0	0	0	0	0	0	0	0	0	0	1.0	-1.0	0.0	0.0	630	400	100	0
1224675	871	416	116	483	269	187	4	90	29	255	0	0	0	0	0	0	0	0	0	0	0	0	0	0	0	0	1.0	-1.0	0.0	0.0	630	400	100	0
1224709	939	457	116	483	269	187	4	90	29	255	0	0	0	0	0	0	0	0	0	0	0	0	0	0	0	0	1.0	-1.0	0.0	0.0	630	400	100	0
1224741	490	336	116	483	269	187	4	90	29	255	0	0	0	0	0	0	0	0	0	0	0	0	0	0	0	0	1.0	-1.0	0.0	0.0	630	400	100	0
1224775	698	228	116	483	269	187	4	90	29	255	0	0	0	0	0	0	0	0	0	0	0	0	0	0	0	0	1.0	-1.0	0.0	0.0	630	400	100	0
1224808	772	215	116	483	269	187	4	90	29	255	0	0	0	0	0	0	0	0	0	0	0	0	0	0	0	0	1.0	-1.0	0.0	0.0	630	400	100	0
1224841	761	347	116	483	269	187	4	90	29	255	0	0	0	0	0	0	0	0	0	0	0	0	0	0	0	0	1.0	-1.0	0.0	0.0	630	400	100	0
1224874	617	415	116	483	269	187	4	90	29	255	0	0	0	0	0	0	0	0	0	0	0	0	0	0	0	0	1.0	-0.96862745	0.0	0.0	630	400	98	0
1225073	1125	531	22	90	118	319	4	90	29	255	0	0	0	0	0	0	1	0	0	0	0	0	0	0	0	0	0.0	0.0	0.0	0.0	630	400	0	0
1225107	741	-480	228	445	132	109	181	212	4	255	0	0	0	0	0	0	1	0	0	0	0	0	0	0	0	0	0.0	0.0	0.0	0.0	630	400	0	0
1225140	289	345	14	496	23	106	118	73	186	255	0	0	0	0	0	0	1	0	0	0	0	0	0	0	0	0	0.0	0.0	0.0	0.0	630	400	0	0
1225373	665	304	14	496	23	106	131	253	224	255	0	0	0	0	0	0	0	0	0	0	0	0	0	0	0	0	0.20784318	0.0	0.0	0.0	630	400	10	0
1225407	630	368	14	496	23	106	131	253	224	255	0	0	0	0	0	0	0	0	0	0	0	0	0	0	0	0	0.54509807	-0.36470586	0.0	0.0	630	400	45	0
1225439	647	450	14	496	23	106	131	253	224	255	0	0	0	0	0	0	0	0	0	0	0	0	0	0	0	0	1.0	-0.8117647	0.0	0.0	630	400	90	0
1225473	619	406	14	496	23	106	131	253	224	255	0	0	0	0	0	0	0	0	0	0	0	0	0	0	0	0	1.0	-1.0	0.0	0.0	630	400	100	0
1225506	617	430	14	496	23	106	131	253	224	255	0	0	0	0	0	0	0	0	0	0	0	0	0	0	0	0	1.0	-1.0	0.0	0.0	630	400	100	0
1225539	637	453	14	496	23	106	131	253	224	255	0	0	0	0	0	0	0	0	0	0	0	0	0	0	0	0	1.0	-1.0	0.0	0.0	630	400	100	0
1225575	603	568	14	496	23	106	131	253	224	255	0	0	0	0	0	0	0	0	0	0	0	0	0	0	0	0	1.0	-1.0	0.0	0.0	630	400	100	0
1225606	610	601	14	496	23	106	131	253	224	255	0	0	0	0	0	0	0	0	0	0	0	0	0	0	0	0	1.0	-1.0	0.0	0.0	630	400	100	0
1225639	637	383	14	496	23	106	131	253	224	255	0	0	0	0	0	0	0	0	0	0	0	0	0	0	0	0	1.0	-1.0	0.0	0.0	630	400	100	0
1225676	596	658	14	496	23	106	131	253	224	255	0	0	0	0	0	0	0	0	0	0	0	0	0	0	0	0	1.0	-1.0	0.0	0.0	630	400	100	0
1225706	653	501	14	496	23	106	131	253	224	255	0	0	0	0	0	0	0	0	0	0	0	0	0	0	0	0	1.0	-1.0	0.0	0.0	630	400	100	0
1225739	587	468	14	496	23	106	131	253	224	255	0	0	0	0	0	0	0	0	0	0	0	0	0	0	0	0	1.0	-1.0	0.0	0.0	630	400	100	0
1225772	618	359	14	496	23	106	131	253	224	255	0	0	0	0	0	0	0	0	0	0	0	0	0	0	0	0	1.0	-1.0	0.0	0.0	630	400	100	0
1225807	625	502	14	496	23	106	131	253	224	255	0	0	0	0	0	0	0	0	0	0	0	0	0	0	0	0	1.0	-1.0	0.0	0.0	630	400	100	0
1225839	640	510	14	496	23	106	131	253	224	255	0	0	0	0	0	0	0	0	0	0	0	0	0	0	0	0	1.0	-1.0	0.0	0.0	630	400	100	0
1225872	651	257	14	496	23	106	131	253	224	255	0	0	0	0	0	0	0	0	0	0	0	0	0	0	0	0	1.0	-1.0	0.0	0.0	630	400	100	0
1225905	637	445	14	496	23	106	131	253	224	255	0	0	0	0	0	0	0	0	0	0	0	0	0	0	0	0	1.0	-1.0	0.0	0.0	630	400	100	0
1225938	633	395	14	496	23	106	131	253	224	255	0	0	0	0	0	0	0	0	0	0	0	0	0	0	0	0	1.0	-1.0	0.0	0.0	630	400	100	0
1225975	624	552	14	496	23	106	131	253	224	255	0	0	0	0	0	0	0	0	0	0	0	0	0	0	0	0	1.0	-1.0	0.0	0.0	630	400	100	0
1226010	622	358	14	496	23	106	131	253	224	255	0	0	0	0	0	0	0	0	0	0	0	0	0	0	0	0	1.0	-1.0	0.0	0.0	630	400	100	0
1226040	629	306	14	496	23	106	131	253	224	255	0	0	0	0	0	0	0	0	0	0	0	0	0	0	0	0	1.0	-1.0	0.0	0.0	630	400	100	0
1226077	647	336	14	496	23	106	131	253	224	255	0	0	0	0	0	0	0	0	0	0	0	0	0	0	0	0	1.0	-1.0	0.0	0.0	630	400	100	0
1226107	632	304	14	496	23	106	131	253	224	255	0	0	0	0	0	0	0	0	0	0	0	0	0	0	0	0	1.0	-1.0	0.0	0.0	630	400	100	0
1226143	624	298	14	496	23	106	131	253	224	255	0	0	0	0	0	0	0	0	0	0	0	0	0	0	0	0	1.0	-1.0	0.0	0.0	630	400	100	0
1226173	656	492	14	496	23	106	131	253	224	255	0	0	0	0	0	0	0	0	0	0	0	0	0	0	0	0	1.0	-1.0	0.0	0.0	630	400	100	0
1226210	623	434	14	496	23	106	131	253	224	255	0	0	0	0	0	0	0	0	0	0	0	0	0	0	0	0	1.0	-1.0	0.0	0.0	630	400	100	0
1226241	647	480	14	496	23	106	131	253	224	255	0	0	0	0	0	0	0	0	0	0	0	0	0	0	0	0	1.0	-1.0	0.0	0.0	630	400	100	0
1226273	699	462	14	496	23	106	131	253	224	255	0	0	0	0	0	0	0	0	0	0	0	0	0	0	0	0	1.0	-1.0	0.0	0.0	630	400	100	0
1226309	607	516	14	496	23	106	131	253	224	255	0	0	0	0	0	0	0	0	0	0	0	0	0	0	0	0	1.0	-1.0	0.0	0.0	630	400	100	0
1226339	636	473	14	496	23	106	131	253	224	255	0	0	0	0	0	0	0	0	0	0	0	0	0	0	0	0	1.0	-1.0	0.0	0.0	630	400	100	0
1226373	650	451	14	496	23	106	131	253	224	255	0	0	0	0	0	0	0	0	0	0	0	0	0	0	0	0	1.0	-1.0	0.0	0.0	630	400	100	0
1226405	638	466	14	496	23	106	131	253	224	255	0	0	0	0	0	0	0	0	0	0	0	0	0	0	0	0	1.0	-1.0	0.0	0.0	630	400	100	0
1226439	622	102	14	496	23	106	131	253	224	255	0	0	0	0	0	0	0	0	0	0	0	0	0	0	0	0	1.0	-1.0	0.0	0.0	630	400	100	0
1226472	638	231	14	496	23	106	131	253	224	255	0	0	0	0	0	0	0	0	0	0	0	0	0	0	0	0	0.9764706	-1.0	0.0	0.0	630	400	98	0
1226505	641	184	14	496	23	106	131	253	224	255	0	0	0	0	0	0	0	0	0	0	0	0	0	0	0	0	0.6156863	-0.827451	0.0	0.0	630	400	72	0
1226708	627	386	14	496	23	106	131	253	224	255	0	0	0	0	0	0	0	0	0	0	0	0	0	0	0	0	0.15294123	0.0	0.0	0.0	630	400	7	0
1226740	598	230	14	496	23	106	131	253	224	255	0	0	0	0	0	0	0	0	0	0	0	0	0	0	0	0	0.24705887	0.0	0.0	0.0	630	400	12	0
1226772	609	329	14	496	23	106	131	253	224	255	0	0	0	0	0	0	0	0	0	0	0	0	0	0	0	0	0.54509807	-0.26274508	0.0	0.0	630	400	40	0
1226809	602	269	14	496	23	106	131	253	224	255	0	0	0	0	0	0	0	0	0	0	0	0	0	0	0	0	1.0	-0.64705884	0.0	0.0	630	400	82	0
1226840	661	253	14	496	23	106	131	253	224	255	0	0	0	0	0	0	0	0	0	0	0	0	0	0	0	0	1.0	-1.0	0.0	0.0	630	400	100	0
1226876	615	328	14	496	23	106	131	253	224	255	0	0	0	0	0	0	0	0	0	0	0	0	0	0	0	0	1.0	-1.0	0.0	0.0	630	400	100	0
1226907	699	501	14	496	23	106	131	253	224	255	0	0	0	0	0	0	0	0	0	0	0	0	0	0	0	0	1.0	-1.0	0.0	0.0	630	400	100	0
1226939	622	488	14	496	23	106	131	253	224	255	0	0	0	0	0	0	0	0	0	0	0	0	0	0	0	0	1.0	-1.0	0.0	0.0	630	400	100	0
1226973	618	386	14	496	23	106	131	253	224	255	0	0	0	0	0	0	0	0	0	0	0	0	0	0	0	0	1.0	-1.0	0.0	0.0	630	400	100	0
1227005	616	466	14	496	23	106	131	253	224	255	0	0	0	0	0	0	0	0	0	0	0	0	0	0	0	0	1.0	-1.0	0.0	0.0	630	400	100	0
1227040	609	363	14	496	23	106	131	253	224	255	0	0	0	0	0	0	0	0	0	0	0	0	0	0	0	0	1.0	-0.9529412	0.0	0.0	630	400	97	0
1227073	653	395	14	496	23	106	131	253	224	255	0	0	0	0	0	0	0	0	0	0	0	0	0	0	0	0	0.0	-0.41176468	0.0	0.0	630	400	20	0
1227106	660	322	14	496	23	106	131	253	224	255	0	0	0	0	0	0	0	0	0	0	0	0	0	0	0	0	-0.23921567	-0.24705881	0.0	0.0	630	400	0	0
1227140	650	647	14	496	23	106	131	253	224	255	0	0	0	0	0	0	0	0	0	0	0	0	0	0	0	0	-0.5764706	-0.24705881	0.0	0.0	630	400	-17	0
1227172	618	372	14	496	23	106	131	253	224	255	0	0	0	0	0	0	0	0	0	0	0	0	0	0	0	0	-0.8901961	-0.23921567	0.0	0.0	630	400	-33	0
1227207	643	478	14	496	23	106	131	253	224	255	0	0	0	0	0	0	0	0	0	0	0	0	0	0	0	0	-1.0	0.0	0.0	0.0	630	400	-50	0
1227239	569	327	14	496	23	106	131	253	224	255	0	0	0	0	0	0	0	0	0	0	0	0	0	0	0	0	-1.0	0.0	0.0	0.0	630	400	-50	0
1227271	649	418	14	496	23	106	131	253	224	255	0	0	0	0	0	0	0	0	0	0	0	0	0	0	0	0	-1.0	0.0	0.0	0.0	630	400	-50	0
1227305	629	499	14	496	23	106	131	253	224	255	0	0	0	0	0	0	0	0	0	0	0	0	0	0	0	0	-1.0	0.0	0.0	0.0	630	400	-50	0
1227338	627	399	14	496	23	106	131	253	224	255	0	0	0	0	0	0	0	0	0	0	0	0	0	0	0	0	-1.0	0.0	0.0	0.0	630	400	-50	0
1227371	633	241	14	496	23	106	131	253	224	255	0	0	0	0	0	0	0	0	0	0	0	0	0	0	0	0	-1.0	0.0	0.0	0.0	630	400	-50	0
1227405	620	449	14	496	23	106	131	253	224	255	0	0	0	0	0	0	0	0	0	0	0	0	0	0	0	0	-1.0	0.0	0.0	0.0	630	400	-50	0
1227440	654	457	14	496	23	106	131	253	224	255	0	0	0	0	0	0	0	0	0	0	0	0	0	0	0	0	-1.0	0.0	0.0	0.0	630	400	-50	0
1227474	647	568	14	496	23	106	131	253	224	255	0	0	0	0	0	0	0	0	0	0	0	0	0	0	0	0	-1.0	0.0	0.0	0.0	630	400	-50	0
1227505	627	343	14	496	23	106	131	253	224	255	0	0	0	0	0	0	0	0	0	0	0	0	0	0	0	0	-1.0	0.0	0.0	0.0	630	400	-50	0
1227540	674	506	14	496	23	106	131	253	224	255	0	0	0	0	0	0	0	0	0	0	0	0	0	0	0	0	-1.0	0.0	0.0	0.0	630	400	-50	0
1227571	651	644	14	496	23	106	131	253	224	255	0	0	0	0	0	0	0	0	0	0	0	0	0	0	0	0	-1.0	0.0	0.0	0.0	630	400	-50	0
1227605	595	318	14	496	23	106	131	253	224	255	0	0	0	0	0	0	0	0	0	0	0	0	0	0	0	0	-1.0	0.0	0.0	0.0	630	400	-50	0
1227639	612	471	14	496	23	106	131	253	224	255	0	0	0	0	0	0	0	0	0	0	0	0	0	0	0	0	-1.0	0.0	0.0	0.0	630	400	-50	0
1227676	650	391	14	496	23	106	131	253	224	255	0	0	0	0	0	0	0	0	0	0	0	0	0	0	0	0	-1.0	0.0	0.0	0.0	630	400	-50	0
1227709	649	429	14	496	53	106	131	253	224	255	0	0	0	0	1	0	0	0	0	0	0	0	0	0	0	0	-1.0	0.0	0.0	0.0	630	400	-50	0
1227743	690	507	14	496	83	106	131	253	224	255	0	0	0	0	1	0	0	0	0	0	0	0	0	0	0	0	-1.0	0.0	0.0	0.0	630	400	-50	0
1227776	851	416	14	496	113	106	131	253	224	255	0	0	0	0	1	0	0	0	0	0	0	0	0	0	0	0	-1.0	0.0	0.0	0.0	630	400	-50	0
1227809	505	328	14	496	143	106	131	253	224	255	0	0	0	0	1	0	0	0	0	0	0	0	0	0	0	0	-1.0	0.0	0.0	0.0	630	400	-50	0
1227843	647	276	14	496	173	106	131	253	224	255	0	0	0	0	1	0	0	0	0	0	0	0	0	0	0	0	-1.0	0.0	0.0	0.0	630	400	-50	0
1227876	632	421	14	496	203	106	131	253	224	255	0	0	0	0	1	0	0	0	0	0	0	0	0	0	0	0	-1.0	0.0	0.0	0.0	630	400	-50	0
1227909	507	381	14	496	233	106	131	253	224	255	0	0	0	0	1	0	0	0	0	0	0	0	0	0	0	0	-1.0	0.0	0.0	0.0	630	400	-50	0
1227942	916	293	14	496	263	106	131	253	224	255	0	0	0	0	1	0	0	0	0	0	0	0	0	0	0	0	-1.0	0.0	0.0	0.0	630	400	-50	0
1227976	425	459	14	496	293	106	131	253	224	255	0	0	0	0	1	0	0	0	0	0	0	0	0	0	0	0	-1.0	0.0	0.0	0.0	630	400	-50	0
1228009	1331	597	14	496	323	106	131	253	224	255	0	0	0	0	1	0	0	0	0	0	0	0	0	0	0	0	-1.0	0.0	0.0	0.0	630	400	-50	0
1228042	900	479	14	496	353	106	131	253	224	255	0	0	0	0	1	0	0	0	0	0	0	0	0	0	0	0	-1.0	0.0	0.0	0.0	630	400	-50	0
1228075	1365	377	14	496	383	106	131	253	224	255	0	0	0	0	1	0	0	0	0	0	0	0	0	0	0	0	-1.0	0.0	0.0	0.0	630	400	-50	0
1228108	1330	230	14	496	413	106	131	253	224	255	0	0	0	0	1	0	0	0	0	0	0	0	0	0	0	0	-1.0	0.0	0.0	0.0	630	400	-50	0
1228141	297	349	14	496	430	106	131	253	224	255	0	0	0	0	1	0	0	0	0	0	0	0	0	0	0	0	-1.0	0.0	0.0	0.0	630	400	-50	0
1228174	1068	437	14	496	430	106	131	253	224	255	0	0	0	0	1	0	0	0	0	0	0	0	0	0	0	0	-1.0	0.0	0.0	0.0	630	400	-50	0
1228208	324	489	14	496	430	106	131	253	224	255	0	0	0	0	1	0	0	0	0	0	0	0	0	0	0	0	-1.0	0.0	0.0	0.0	630	400	-50	0
1228242	253	321	14	496	428	112	131	253	224	255	0	0	0	0	1	0	0	0	0	0	0	0	0	0	0	0	-0.94509804	-0.20784312	0.0	0.0	630	400	-37	0
1228275	832	186	14	496	411	123	131	253	224	255	0	0	0	0	1	0	0	0	0	0	0	0	0	0	0	0	-0.372549	-0.3960784	0.0	0.0	630	400	1	0
1228308	715	365	14	496	400	123	131	253	224	255	0	0	0	0	0	0	0	0	0	0	0	0	0	0	0	0	0.15294123	-0.7647059	0.0	0.0	630	400	45	0
1228341	-189	168	14	496	400	123	131	253	224	255	0	0	0	0	0	0	0	0	0	0	0	0	0	0	0	0	0.5686275	-1.0	0.0	0.0	630	400	78	0
1228375	1059	363	14	496	400	123	131	253	224	255	0	0	0	0	0	0	0	0	0	0	0	0	0	0	0	0	1.0	-1.0	0.0	0.0	630	400	100	0
1228408	505	313	14	496	400	123	131	253	224	255	0	0	0	0	0	0	0	0	0	0	0	0	0	0	0	0	1.0	-1.0	0.0	0.0	630	400	100	0
1228442	763	315	14	496	400	123	131	253	224	255	0	0	0	0	0	0	0	0	0	0	0	0	0	0	0	0	1.0	-1.0	0.0	0.0	630	400	100	0
1228475	774	454	14	496	400	123	131	253	224	255	0	0	0	0	0	0	0	0	0	0	0	0	0	0	0	0	1.0	-1.0	0.0	0.0	630	400	100	0
1228507	378	439	14	496	400	123	131	253	224	255	0	0	0	0	0	0	0	0	0	0	0	0	0	0	0	0	1.0	-1.0	0.0	0.0	630	400	100	0
1228541	453	259	14	496	400	123	131	253	224	255	0	0	0	0	0	0	0	0	0	0	0	0	0	0	0	0	1.0	-1.0	0.0	0.0	630	400	100	0
1228574	823	432	14	496	400	123	131	253	224	255	0	0	0	0	0	0	0	0	0	0	0	0	0	0	0	0	1.0	-1.0	0.0	0.0	630	400	100	0
1228608	496	436	14	496	400	123	131	253	224	255	0	0	0	0	0	0	0	0	0	0	0	0	0	0	0	0	1.0	-1.0	0.0	0.0	630	400	100	0
1228641	850	437	14	496	400	123	131	253	224	255	0	0	0	0	0	0	0	0	0	0	0	0	0	0	0	0	1.0	-1.0	0.0	0.0	630	400	100	0
1228675	218	381	14	496	400	123	131	253	224	255	0	0	0	0	0	0	0	0	0	0	0	0	0	0	0	0	1.0	-1.0	0.0	0.0	630	400	100	0
1228707	426	489	14	496	400	123	131	253	224	255	0	0	0	0	0	0	0	0	0	0	0	0	0	0	0	0	1.0	-1.0	0.0	0.0	630	400	100	0
1228741	633	497	14	496	400	123	131	253	224	255	0	0	0	0	0	0	0	0	0	0	0	0	0	0	0	0	1.0	-1.0	0.0	0.0	630	400	100	0
1228775	-82	454	14	496	400	123	131	253	224	255	0	0	0	0	0	0	0	0	0	0	0	0	0	0	0	0	1.0	-1.0	0.0	0.0	630	400	100	0
1228807	498	344	14	496	400	123	131	253	224	255	0	0	0	0	0	0	0	0	0	0	0	0	0	0	0	0	1.0	-1.0	0.0	0.0	630	400	100	0
1228841	626	240	14	496	400	123	131	253	224	255	0	0	0	0	0	0	0	0	0	0	0	0	0	0	0	0	1.0	-1.0	0.0	0.0	630	400	100	0
1228874	385	427	14	496	400	123	131	253	224	255	0	0	0	0	0	0	0	0	0	0	0	0	0	0	0	0	1.0	-1.0	0.0	0.0	630	400	100	0
1228907	974	458	14	496	400	123	131	253	224	255	0	0	0	0	0	0	0	0	0	0	0	0	0	0	0	0	1.0	-1.0	0.0	0.0	630	400	100	0
1228939	1073	274	14	496	400	123	131	253	224	255	0	0	0	0	0	0	0	0	0	0	0	0	0	0	0	0	1.0	-1.0	0.0	0.0	630	400	100	0
1228974	421	438	14	496	400	123	131	253	224	255	0	0	0	0	0	0	0	0	0	0	0	0	0	0	0	0	1.0	-1.0	0.0	0.0	630	400	100	0
1229007	369	440	14	496	400	123	131	253	224	255	0	0	0	0	0	0	0	0	0	0	0	0	0	0	0	0	1.0	-1.0	0.0	0.0	630	400	100	0
1229040	1016	264	14	496	400	123	131	253	224	255	0	0	0	0	0	0	0	0	0	0	0	0	0	0	0	0	1.0	-1.0	0.0	0.0	630	400	100	0
1229073	498	252	14	496	400	123	131	253	224	255	0	0	0	0	0	0	0	0	0	0	0	0	0	0	0	0	1.0	-1.0	0.0	0.0	630	400	100	0
1229107	733	202	14	496	400	123	131	253	224	255	0	0	0	0	0	0	0	0	0	0	0	0	0	0	0	0	1.0	-1.0	0.0	0.0	630	400	100	0
1229140	214	548	14	496	400	123	131	253	224	255	0	0	0	0	0	0	0	0	0	0	0	0	0	0	0	0	1.0	-1.0	0.0	0.0	630	400	100	0
1229175	934	629	14	496	400	123	131	253	224	255	0	0	0	0	0	0	0	0	0	0	0	0	0	0	0	0	1.0	-1.0	0.0	0.0	630	400	100	0
1229206	825	329	14	496	400	123	131	253	224	255	0	0	0	0	0	0	0	0	0	0	0	0	0	0	0	0	1.0	-1.0	0.0	0.0	630	400	100	0
1229240	1001	283	14	496	400	123	131	253	224	255	0	0	0	0	0	0	0	0	0	0	0	0	0	0	0	0	1.0	-1.0	0.0	0.0	630	400	100	0
1229273	608	258	14	496	400	123	131	253	224	255	0	0	0	0	0	0	0	0	0	0	0	0	0	0	0	0	1.0	-1.0	0.0	0.0	630	400	100	0
1229309	690	328	14	496	400	123	131	253	224	255	0	0	0	0	0	0	0	0	0	0	0	0	0	0	0	0	1.0	-1.0	0.0	0.0	630	400	100	0
1229338	979	482	14	496	400	123	131	253	224	255	0	0	0	0	0	0	0	0	0	0	0	0	0	0	0	0	1.0	-1.0	0.0	0.0	630	400	100	0
1229371	-209	481	14	496	400	123	131	253	224	255	0	0	0	0	0	0	0	0	0	0	0	0	0	0	0	0	1.0	-1.0	0.0	0.0	630	400	100	0
1229406	781	378	14	496	400	123	131	253	224	255	0	0	0	0	0	0	0	0	0	0	0	0	0	0	0	0	1.0	-1.0	0.0	0.0	630	400	100	0
1229439	946	416	14	496	400	123	131	253	224	255	0	0	0	0	0	0	0	0	0	0	0	0	0	0	0	0	1.0	-1.0	0.0	0.0	630	400	100	0
1229472	630	293	14	496	400	123	131	253	224	255	0	0	0	0	0	0	0	0	0	0	0	0	0	0	0	0	1.0	-1.0	0.0	0.0	630	400	100	0
1229506	321	298	14	496	400	123	131	253	224	255	0	0	0	0	0	0	0	0	0	0	0	0	0	0	0	0	1.0	-1.0	0.0	0.0	630	400	100	0
1229539	233	341	14	496	400	123	131	253	224	255	0	0	0	0	0	0	0	0	0	0	0	0	0	0	0	0	1.0	-1.0	0.0	0.0	630	400	100	0
1229572	1133	230	14	496	400	123	131	253	224	255	0	0	0	0	0	0	0	0	0	0	0	0	0	0	0	0	1.0	-1.0	0.0	0.0	630	400	100	0
1229605	357	336	14	496	400	123	131	253	224	255	0	0	0	0	0	0	0	0	0	0	0	0	0	0	0	0	1.0	-1.0	0.0	0.0	630	400	100	0
1229639	865	387	14	496	400	123	131	253	224	255	0	0	0	0	0	0	0	0	0	0	0	0	0	0	0	0	1.0	-1.0	0.0	0.0	630	400	100	0
1229672	1140	312	14	496	400	123	131	253	224	255	0	0	0	0	0	0	0	0	0	0	0	0	0	0	0	0	1.0	-1.0	0.0	0.0	630	400	100	0
1229710	584	384	14	496	400	123	131	253	224	255	0	0	0	0	0	0	0	0	0	0	0	0	0	0	0	0	1.0	-1.0	0.0	0.0	630	400	100	0
1229739	462	433	14	496	400	123	131	253	224	255	0	0	0	0	0	0	0	0	0	0	0	0	0	0	0	0	1.0	-1.0	0.0	0.0	630	400	100	0
1229772	710	284	14	496	400	123	131	253	224	255	0	0	0	0	0	0	0	0	0	0	0	0	0	0	0	0	1.0	-1.0	0.0	0.0	630	400	100	0
1229805	417	725	14	496	400	123	131	253	224	255	0	0	0	0	0	0	0	0	0	0	0	0	0	0	0	0	1.0	-1.0	0.0	0.0	630	400	100	0
1229842	1175	316	14	496	400	123	131	253	224	255	0	0	0	0	0	0	0	0	0	0	0	0	0	0	0	0	1.0	-1.0	0.0	0.0	630	400	100	0
1229877	711	303	14	496	400	123	131	253	224	255	0	0	0	0	0	0	0	0	0	0	0	0	0	0	0	0	1.0	-1.0	0.0	0.0	630	400	100	0
1229907	753	521	14	496	400	123	131	253	224	255	0	0	0	0	0	0	0	0	0	0	0	0	0	0	0	0	1.0	-1.0	0.0	0.0	630	400	100	0
1229938	830	290	14	496	400	123	131	253	224	255	0	0	0	0	0	0	0	0	0	0	0	0	0	0	0	0	1.0	-1.0	0.0	0.0	630	400	100	0
1229975	177	230	14	496	400	123	131	253	224	255	0	0	0	0	0	0	0	0	0	0	0	0	0	0	0	0	1.0	-1.0	0.0	0.0	630	400	100	0
1230007	242	337	14	496	400	123	131	253	224	255	0	0	0	0	0	0	0	0	0	0	0	0	0	0	0	0	1.0	-1.0	0.0	0.0	630	400	100	0
1230044	632	215	14	496	400	123	131	253	224	255	0	0	0	0	0	0	0	0	0	0	0	0	0	0	0	0	1.0	-1.0	0.0	0.0	630	400	100	0
1230071	1138	310	14	496	400	123	131	253	224	255	0	0	0	0	0	0	0	0	0	0	0	0	0	0	0	0	1.0	-1.0	-0.36470586	-0.34117645	630	400	100	-2
1230107	779	414	14	496	400	123	131	253	224	255	0	0	0	0	0	0	0	0	0	0	0	0	0	0	0	0	1.0	-1.0	-0.8509804	-0.8745098	630	400	100	1
1230140	284	370	14	496	400	123	131	253	224	255	0	0	0	0	0	0	0	0	0	0	0	0	0	0	0	0	1.0	-1.0	-0.99215686	-1.0	630	400	100	0
1230176	669	468	14	496	400	123	131	253	224	255	0	0	0	0	0	0	0	0	0	0	0	0	0	0	0	0	1.0	-1.0	-0.99215686	-1.0	630	400	100	0
1230210	719	243	14	496	400	123	131	253	224	255	0	0	0	0	0	0	0	0	0	0	0	0	0	0	0	0	1.0	-1.0	-0.99215686	-1.0	630	400	100	0
1230244	378	438	14	496	400	123	131	253	224	255	0	0	0	0	0	0	0	0	0	0	0	0	0	0	0	0	1.0	-1.0	-0.99215686	-1.0	630	400	100	0
1230272	454	230	14	496	400	123	131	253	224	255	0	0	0	0	0	0	0	0	0	0	0	0	0	0	0	0	1.0	-1.0	-0.99215686	-1.0	630	400	100	0
1230310	1086	245	14	496	400	123	131	253	224	255	0	0	0	0	0	0	0	0	0	0	0	0	0	0	0	0	1.0	-1.0	-0.99215686	-1.0	630	400	100	0
1230339	439	361	14	496	400	123	131	253	224	255	0	0	0	0	0	0	0	0	0	0	0	0	0	0	0	0	1.0	-1.0	-0.99215686	-1.0	630	400	100	0
1230372	878	361	14	496	400	123	131	253	224	255	0	0	0	0	0	0	0	0	0	0	0	0	0	0	0	0	1.0	-1.0	-0.99215686	-1.0	630	400	100	0
1230408	1021	363	14	496	400	123	131	253	224	255	0	0	0	0	0	0	0	0	0	0	0	0	0	0	0	0	1.0	-1.0	-0.99215686	-1.0	630	400	100	0
1230443	480	543	14	496	400	123	131	253	224	255	0	0	0	0	0	0	0	0	0	0	0	0	0	0	0	0	1.0	-1.0	-0.99215686	-1.0	630	400	100	0
1230474	301	251	14	496	400	123	131	253	224	255	0	0	0	0	0	0	0	0	0	0	0	0	0	0	0	0	1.0	-1.0	-0.99215686	-1.0	630	400	100	0
1230506	731	460	14	496	400	123	131	253	224	255	0	0	0	0	0	0	0	0	0	0	0	0	0	0	0	0	1.0	-1.0	-0.99215686	-1.0	630	400	100	0
1230541	459	425	14	496	400	123	131	253	224	255	0	0	0	0	0	0	0	0	0	0	0	0	0	0	0	0	1.0	-1.0	-0.99215686	-1.0	630	400	100	0
1230576	419	460	14	496	400	123	131	253	224	255	0	0	0	0	0	0	0	0	0	0	0	0	0	0	0	0	1.0	-1.0	-0.99215686	-1.0	630	400	100	0
1230609	321	749	14	496	400	123	131	253	224	255	0	0	0	0	0	0	0	0	0	0	0	0	0	0	0	0	1.0	-1.0	-0.99215686	-1.0	630	400	100	0
1230643	761	392	14	496	400	123	131	253	224	255	0	0	0	0	0	0	0	0	0	0	0	0	0	0	0	0	1.0	-1.0	-0.99215686	-1.0	630	400	100	0
1230674	708	457	14	496	400	123	131	253	224	255	0	0	0	0	0	0	0	0	0	0	0	0	0	0	0	0	1.0	-1.0	-0.99215686	-1.0	630	400	100	0
1230711	55	464	14	496	400	123	131	253	224	255	0	0	0	0	0	0	0	0	0	0	0	0	0	0	0	0	1.0	-1.0	-0.99215686	-1.0	630	400	100	0
1230743	482	408	14	496	400	123	131	253	224	255	0	0	0	0	0	0	0	0	0	0	0	0	0	0	0	0	1.0	-1.0	-0.99215686	-1.0	630	400	100	0
1230772	962	318	14	496	400	123	131	253	224	255	0	0	0	0	0	0	0	0	0	0	0	0	0	0	0	0	1.0	-1.0	-0.99215686	-1.0	630	400	100	0
1230809	789	495	14	496	400	123	131	253	224	255	0	0	0	0	0	0	0	0	0	0	0	0	0	0	0	0	1.0	-1.0	-0.99215686	-1.0	630	400	100	0
1230840	1466	651	14	496	400	123	131	253	224	255	0	0	0	0	0	0	0	0	0	0	0	0	0	0	0	0	1.0	-1.0	-0.99215686	-1.0	630	400	100	0
1230873	907	7	14	496	400	123	131	253	224	255	0	0	0	0	0	0	0	0	0	0	0	0	0	0	0	0	1.0	-1.0	-0.99215686	-1.0	630	400	100	0
1230908	-380	403	14	496	400	123	131	253	224	255	0	0	0	0	0	0	0	0	0	0	0	0	0	0	0	0	1.0	-1.0	-0.99215686	-1.0	630	400	100	0
1230943	562	336	14	496	400	123	131	253	224	255	0	0	0	0	0	0	0	0	0	0	0	0	0	0	0	0	1.0	-1.0	-0.99215686	-1.0	630	400	100	0
1230977	553	545	14	496	400	123	131	253	224	255	0	0	0	0	0	0	0	0	0	0	0	0	0	0	0	0	1.0	-1.0	-0.99215686	-1.0	630	400	100	0
1231010	431	345	14	496	400	123	131	253	224	255	0	0	0	0	0	0	0	0	0	0	0	0	0	0	0	0	1.0	-1.0	-0.99215686	-1.0	630	400	100	0
1231043	861	615	14	496	400	123	131	253	224	255	0	0	0	0	0	0	0	0	0	0	0	0	0	0	0	0	1.0	-1.0	-0.99215686	-1.0	630	400	100	0
1231075	401	688	14	496	400	123	131	253	224	255	0	0	0	0	0	0	0	0	0	0	0	0	0	0	0	0	1.0	-1.0	-0.99215686	-1.0	630	400	100	0
1231109	512	415	14	496	400	123	131	253	224	255	0	0	0	0	0	0	0	0	0	0	0	0	0	0	0	0	1.0	-1.0	-0.99215686	-1.0	630	400	100	0
1231143	908	247	14	496	400	123	131	253	224	255	0	0	0	0	0	0	0	0	0	0	0	0	0	0	0	0	1.0	-1.0	-0.99215686	-1.0	630	400	100	0
1231176	1052	298	14	496	400	123	131	253	224	255	0	0	0	0	0	0	0	0	0	0	0	0	0	0	0	0	1.0	-1.0	-0.99215686	-1.0	630	400	100	0
1231209	-53	267	14	496	400	123	131	253	224	255	0	0	0	0	0	0	0	0	0	0	0	0	0	0	0	0	1.0	-1.0	-0.99215686	-1.0	630	400	100	0
1231243	395	335	14	496	400	123	131	253	224	255	0	0	0	0	0	0	0	0	0	0	0	0	0	0	0	0	1.0	-1.0	-0.99215686	-1.0	630	400	100	0
1231275	1513	364	14	496	400	123	131	253	224	255	0	0	0	0	0	0	0	0	0	0	0	0	0	0	0	0	1.0	-1.0	-0.99215686	-1.0	630	400	100	0
1231308	536	386	14	496	400	123	131	253	224	255	0	0	0	0	0	0	0	0	0	0	0	0	0	0	0	0	1.0	-1.0	-0.99215686	-1.0	630	400	100	0
1231341	92	325	14	496	400	123	131	253	224	255	0	0	0	0	0	0	0	0	0	0	0	0	0	0	0	0	1.0	-1.0	-0.99215686	-1.0	630	400	100	0
1231374	1361	587	14	496	400	123	131	253	224	255	0	0	0	0	0	0	0	0	0	0	0	0	0	0	0	0	1.0	-1.0	-0.99215686	-1.0	630	400	100	0
1231409	181	136	14	496	400	123	131	253	224	255	0	0	0	0	0	0	0	0	0	0	0	0	0	0	0	0	1.0	-1.0	-0.99215686	-1.0	630	400	100	0
1231442	914	423	14	496	400	123	131	253	224	255	0	0	0	0	0	0	0	0	0	0	0	0	0	0	0	0	1.0	-1.0	-0.99215686	-1.0	630	400	100	0
1231475	746	307	14	496	400	123	131	253	224	255	0	0	0	0	0	0	0	0	0	0	0	0	0	0	0	0	1.0	-1.0	-0.99215686	-1.0	630	400	100	0
1231509	1040	501	14	496	400	123	131	253	224	255	0	0	0	0	0	0	0	0	0	0	0	0	0	0	0	0	1.0	-1.0	-0.99215686	-1.0	630	400	100	0
1231541	1454	375	14	496	400	123	131	253	224	255	0	0	0	0	0	0	0	0	0	0	0	0	0	0	0	0	1.0	-1.0	-0.99215686	-1.0	630	400	100	0
1231575	555	552	14	496	400	123	131	253	224	255	0	0	0	0	0	0	0	0	0	0	0	0	0	0	0	0	1.0	-1.0	-0.99215686	-1.0	630	400	100	0
1231608	696	567	14	496	400	123	131	253	224	255	0	0	0	0	0	0	0	0	0	0	0	0	0	0	0	0	1.0	-1.0	-0.99215686	-1.0	630	400	100	0
1231642	658	444	14	496	400	123	131	253	224	255	0	0	0	0	0	0	0	0	0	0	0	0	0	0	0	0	1.0	-1.0	-0.99215686	-1.0	630	400	100	0
1231675	1230	359	14	496	400	123	131	253	224	255	0	0	0	0	0	0	0	0	0	0	0	0	0	0	0	0	1.0	-1.0	-0.99215686	-1.0	630	400	100	0
1231708	401	466	14	496	400	123	131	253	224	255	0	0	0	0	0	0	0	0	0	0	0	0	0	0	0	0	1.0	-1.0	-0.99215686	-1.0	630	400	100	0
1231741	1347	343	14	496	400	123	131	253	224	255	0	0	0	0	0	0	0	0	0	0	0	0	0	0	0	0	1.0	-1.0	-0.99215686	-1.0	630	400	100	0
1231775	592	536	14	496	400	123	131	253	224	255	0	0	0	0	0	0	0	0	0	0	0	0	0	0	0	0	1.0	-1.0	-0.99215686	-1.0	630	400	100	0
1231808	788	244	14	496	400	123	131	253	224	255	0	0	0	0	0	0	0	0	0	0	0	0	0	0	0	0	1.0	-1.0	-0.99215686	-1.0	630	400	100	0
1231841	1566	347	14	496	400	123	131	253	224	255	0	0	0	0	0	0	0	0	0	0	0	0	0	0	0	0	1.0	-1.0	-0.99215686	-1.0	630	400	100	0
1231874	703	261	14	496	400	123	131	253	224	255	0	0	0	0	0	0	0	0	0	0	0	0	0	0	0	0	1.0	-1.0	-0.99215686	-1.0	630	400	100	0
1231908	143	422	14	496	400	123	131	253	224	255	0	0	0	0	0	0	0	0	0	0	0	0	0	0	0	0	1.0	-1.0	-0.99215686	-1.0	630	400	100	0
1231941	607	383	14	496	400	123	131	253	224	255	0	0	0	0	0	0	0	0	0	0	0	0	0	0	0	0	1.0	-1.0	-0.99215686	-1.0	630	400	100	0
1231974	893	321	14	496	400	123	131	253	224	255	0	0	0	0	0	0	0	0	0	0	0	0	0	0	0	0	1.0	-1.0	-0.99215686	-1.0	630	400	100	0
1232007	461	306	14	496	400	123	131	253	224	255	0	0	0	0	0	0	0	0	0	0	0	0	0	0	0	0	1.0	-1.0	-0.99215686	-1.0	630	400	100	0
1232041	1064	169	14	496	400	123	131	253	224	255	0	0	0	0	0	0	0	0	0	0	0	0	0	0	0	0	1.0	-1.0	-0.99215686	-1.0	630	400	100	0
1232074	313	292	14	496	400	123	131	253	224	255	0	0	0	0	0	0	0	0	0	0	0	0	0	0	0	0	1.0	-1.0	-0.99215686	-1.0	630	400	100	0
1232107	-110	666	14	496	400	123	131	253	224	255	0	0	0	0	0	0	0	0	0	0	0	0	0	0	0	0	1.0	-1.0	-0.99215686	-1.0	630	400	100	0
1232141	772	411	14	496	400	123	131	253	224	255	0	0	0	0	0	0	0	0	0	0	0	0	0	0	0	0	1.0	-1.0	-0.99215686	-1.0	630	400	100	0
1232174	617	182	14	496	400	123	131	253	224	255	0	0	0	0	0	0	0	0	0	0	0	0	0	0	0	0	1.0	-1.0	-0.99215686	-1.0	630	400	100	0
1232207	363	319	14	496	400	123	131	253	224	255	0	0	0	0	0	0	0	0	0	0	0	0	0	0	0	0	1.0	-1.0	-0.99215686	-1.0	630	400	100	0
1232240	602	610	14	496	400	123	131	253	224	255	0	0	0	0	0	0	0	0	0	0	0	0	0	0	0	0	1.0	-1.0	-0.99215686	-1.0	630	400	100	0
1232273	1379	357	14	496	400	123	131	253	224	255	0	0	0	0	0	0	0	0	0	0	0	0	0	0	0	0	1.0	-1.0	-0.99215686	-1.0	630	400	100	0
1232309	778	482	14	496	400	123	131	253	224	255	0	0	0	0	0	0	0	0	0	0	0	0	0	0	0	0	1.0	-1.0	-0.99215686	-1.0	630	400	100	0
1232339	553	514	14	496	400	123	131	253	224	255	0	0	0	0	0	0	0	0	0	0	0	0	0	0	0	0	1.0	-1.0	-0.99215686	-1.0	630	400	100	0
1232373	687	356	14	496	400	123	131	253	224	255	0	0	0	0	0	0	0	0	0	0	0	0	0	0	0	0	1.0	-1.0	-0.99215686	-1.0	630	400	100	0
1232406	682	477	14	496	400	123	131	253	224	255	0	0	0	0	0	0	0	0	0	0	0	0	0	0	0	0	1.0	-1.0	-0.99215686	-1.0	630	400	100	0
1232440	117	322	14	496	400	123	131	253	224	255	0	0	0	0	0	0	0	0	0	0	0	0	0	0	0	0	1.0	-1.0	-0.99215686	-1.0	630	400	100	0
1232473	862	487	14	496	400	123	131	253	224	255	0	0	0	0	0	0	0	0	0	0	0	0	0	0	0	0	1.0	-1.0	-0.99215686	-1.0	630	400	100	0
1232506	1071	295	14	496	400	123	131	253	224	255	0	0	0	0	0	0	0	0	0	0	0	0	0	0	0	0	1.0	-1.0	-0.99215686	-1.0	630	400	100	0
1232539	1021	371	14	496	400	123	131	253	224	255	0	0	0	0	0	0	0	0	0	0	0	0	0	0	0	0	1.0	-1.0	-0.99215686	-1.0	630	400	100	0
1232573	702	356	14	496	400	123	131	253	224	255	0	0	0	0	0	0	0	0	0	0	0	0	0	0	0	0	1.0	-1.0	-0.99215686	-1.0	630	400	100	0
1232606	1272	338	14	496	400	123	131	253	224	255	0	0	0	0	0	0	0	0	0	0	0	0	0	0	0	0	1.0	-1.0	-0.99215686	-1.0	630	400	100	0
1232639	1174	536	14	496	400	123	131	253	224	255	0	0	0	0	0	0	0	0	0	0	0	0	0	0	0	0	1.0	-1.0	-0.99215686	-1.0	630	400	100	0
1232672	286	418	14	496	400	123	131	253	224	255	0	0	0	0	0	0	0	0	0	0	0	0	0	0	0	0	1.0	-1.0	-0.99215686	-1.0	630	400	100	0
1232705	-262	412	14	496	400	123	131	253	224	255	0	0	0	0	0	0	0	0	0	0	0	0	0	0	0	0	1.0	-1.0	-0.99215686	-1.0	630	400	100	0
1232739	585	325	14	496	400	123	131	253	224	255	0	0	0	0	0	0	0	0	0	0	0	0	0	0	0	0	1.0	-1.0	-0.99215686	-1.0	630	400	100	0
1232772	341	296	14	496	400	123	131	253	224	255	0	0	0	0	0	0	0	0	0	0	0	0	0	0	0	0	1.0	-1.0	-0.99215686	-1.0	630	400	100	0
1232805	670	301	14	496	400	123	131	253	224	255	0	0	0	0	0	0	0	0	0	0	0	0	0	0	0	0	1.0	-1.0	-0.99215686	-1.0	630	400	100	0
1232839	1089	323	14	496	400	123	131	253	224	255	0	0	0	0	0	0	0	0	0	0	0	0	0	0	0	0	0.77254903	-0.84313726	-0.99215686	-1.0	630	400	80	0
1232872	583	449	14	496	400	123	131	253	224	255	0	0	0	0	0	0	0	0	0	0	0	0	0	0	0	0	0.0	0.0	-0.6392157	-0.78039217	630	400	0	7
1234209	671	397	14	496	400	123	131	253	224	255	0	0	0	0	0	0	0	0	0	0	0	0	0	0	0	0	0.18431377	0.0	0.0	-0.19215685	630	400	9	9
1234242	1054	372	14	496	400	123	131	253	224	255	0	0	0	0	0	0	0	0	0	0	0	0	0	0	0	0	0.47450984	-0.3333333	-0.45098037	-0.6156863	630	400	40	8
1234275	502	217	14	496	400	123	131	253	224	255	0	0	0	0	0	0	0	0	0	0	0	0	0	0	0	0	1.0	-0.8745098	-0.99215686	-1.0	630	400	93	0
1234305	439	410	14	496	400	123	131	253	224	255	0	0	0	0	0	0	0	0	0	0	0	0	0	0	0	0	1.0	-1.0	-0.99215686	-1.0	630	400	100	0
1234340	464	593	14	496	400	123	131	253	224	255	0	0	0	0	0	0	0	0	0	0	0	0	0	0	0	0	1.0	-1.0	-0.99215686	-1.0	630	400	100	0
1234377	706	261	14	496	400	123	131	253	224	255	0	0	0	0	0	0	0	0	0	0	0	0	0	0	0	0	1.0	-1.0	-0.99215686	-1.0	630	400	100	0
1234405	654	277	14	496	400	123	131	253	224	255	0	0	0	0	0	0	0	0	0	0	0	0	0	0	0	0	1.0	-1.0	-0.99215686	-1.0	630	400	100	0
1234438	1207	268	14	496	400	123	131	253	224	255	0	0	0	0	0	0	0	0	0	0	0	0	0	0	0	0	1.0	-1.0	-0.99215686	-1.0	630	400	100	0
1234472	626	495	14	496	400	123	131	253	224	255	0	0	0	0	0	0	0	0	0	0	0	0	0	0	0	0	1.0	-1.0	-0.99215686	-1.0	630	400	100	0
1234506	169	509	14	496	400	123	131	253	224	255	0	0	0	0	0	0	0	0	0	0	0	0	0	0	0	0	1.0	-1.0	-0.99215686	-1.0	630	400	100	0
1234540	-58	530	14	496	400	123	131	253	224	255	0	0	0	0	0	0	0	0	0	0	0	0	0	0	0	0	1.0	-1.0	-0.99215686	-1.0	630	400	100	0
1234577	470	364	14	496	400	123	131	253	224	255	0	0	0	0	0	0	0	0	0	0	0	0	0	0	0	0	1.0	-1.0	-0.99215686	-1.0	630	400	100	0
1234605	841	441	14	496	400	123	131	253	224	255	0	0	0	0	0	0	0	0	0	0	0	0	0	0	0	0	1.0	-1.0	-0.99215686	-1.0	630	400	100	0
1234643	682	228	14	496	400	123	131	253	224	255	0	0	0	0	0	0	0	0	0	0	0	0	0	0	0	0	1.0	-1.0	-0.99215686	-1.0	630	400	100	0
1234672	132	391	14	496	400	123	131	253	224	255	0	0	0	0	0	0	0	0	0	0	0	0	0	0	0	0	1.0	-1.0	-0.99215686	-1.0	630	400	100	0
1234710	1061	575	14	496	400	123	131	253	224	255	0	0	0	0	0	0	0	0	0	0	0	0	0	0	0	0	1.0	-1.0	-0.99215686	-1.0	630	400	100	0
1234743	281	350	14	496	400	123	131	253	224	255	0	0	0	0	0	0	0	0	0	0	0	0	0	0	0	0	1.0	-1.0	-0.99215686	-1.0	630	400	100	0
1234777	439	382	14	496	400	123	131	253	224	255	0	0	0	0	0	0	0	0	0	0	0	0	0	0	0	0	1.0	-1.0	-0.99215686	-1.0	630	400	100	0
1234810	723	545	14	496	400	123	131	253	224	255	0	0	0	0	0	0	0	0	0	0	0	0	0	0	0	0	1.0	-1.0	-0.99215686	-1.0	630	400	100	0
1234842	820	432	14	496	400	123	131	253	224	255	0	0	0	0	0	0	0	0	0	0	0	0	0	0	0	0	1.0	-1.0	-0.99215686	-1.0	630	400	100	0
1234877	175	551	14	496	400	123	131	253	224	255	0	0	0	0	0	0	0	0	0	0	0	0	0	0	0	0	1.0	-1.0	-0.99215686	-1.0	630	400	100	0
1234910	710	357	14	496	400	123	131	253	224	255	0	0	0	0	0	0	0	0	0	0	0	0	0	0	0	0	1.0	-1.0	-0.99215686	-1.0	630	400	100	0
1234943	902	322	14	496	400	123	131	253	224	255	0	0	0	0	0	0	0	0	0	0	0	0	0	0	0	0	1.0	-1.0	-0.99215686	-1.0	630	400	100	0
1234976	730	395	14	496	400	123	131	253	224	255	0	0	0	0	0	0	0	0	0	0	0	0	0	0	0	0	1.0	-1.0	-0.99215686	-1.0	630	400	100	0
1235009	817	310	14	496	400	123	131	253	224	255	0	0	0	0	0	0	0	0	0	0	0	0	0	0	0	0	1.0	-1.0	-0.99215686	-1.0	630	400	100	0
1235043	596	148	14	496	400	123	131	253	224	255	0	0	0	0	0	0	0	0	0	0	0	0	0	0	0	0	1.0	-1.0	-0.99215686	-1.0	630	400	100	0
1235076	947	402	14	496	400	123	131	253	224	255	0	0	0	0	0	0	0	0	0	0	0	0	0	0	0	0	1.0	-1.0	-0.99215686	-1.0	630	400	100	0
1235110	1041	337	14	496	400	123	131	253	224	255	0	0	0	0	0	0	0	0	0	0	0	0	0	0	0	0	1.0	-1.0	-0.99215686	-1.0	630	400	100	0
1235142	87	262	14	496	400	123	131	253	224	255	0	0	0	0	0	0	0	0	0	0	0	0	0	0	0	0	1.0	-1.0	-0.99215686	-1.0	630	400	100	0
1235175	317	294	14	496	400	123	131	253	224	255	0	0	0	0	0	0	0	0	0	0	0	0	0	0	0	0	1.0	-1.0	-0.99215686	-1.0	630	400	100	0
1235209	258	378	14	496	400	123	131	253	224	255	0	0	0	0	0	0	0	0	0	0	0	0	0	0	0	0	1.0	-1.0	-0.99215686	-1.0	630	400	100	0
1235241	1039	377	14	496	400	123	131	253	224	255	0	0	0	0	0	0	0	0	0	0	0	0	0	0	0	0	1.0	-1.0	-0.99215686	-1.0	630	400	100	0
1235275	465	415	14	496	400	123	131	253	224	255	0	0	0	0	0	0	0	0	0	0	0	0	0	0	0	0	1.0	-1.0	-0.99215686	-1.0	630	400	100	0
1235309	427	435	14	496	400	123	131	253	224	255	0	0	0	0	0	0	0	0	0	0	0	0	0	0	0	0	1.0	-1.0	-0.99215686	-1.0	630	400	100	0
1235343	413	282	14	496	400	123	131	253	224	255	0	0	0	0	0	0	0	0	0	0	0	0	0	0	0	0	1.0	-1.0	-0.99215686	-1.0	630	400	100	0
1235375	1101	232	14	496	400	123	131	253	224	255	0	0	0	0	0	0	0	0	0	0	0	0	0	0	0	0	1.0	-1.0	-0.99215686	-1.0	630	400	100	0
1235409	254	343	14	496	400	123	131	253	224	255	0	0	0	0	0	0	0	0	0	0	0	0	0	0	0	0	1.0	-1.0	-0.99215686	-1.0	630	400	100	0
1235442	581	429	14	496	400	123	131	253	224	255	0	0	0	0	0	0	0	0	0	0	0	0	0	0	0	0	1.0	-1.0	-0.99215686	-1.0	630	400	100	0
1235474	840	285	14	496	400	123	131	253	224	255	0	0	0	0	0	0	0	0	0	0	0	0	0	0	0	0	1.0	-1.0	-0.99215686	-1.0	630	400	100	0
1235508	555	493	14	496	400	123	131	253	224	255	0	0	0	0	0	0	0	0	0	0	0	0	0	0	0	0	1.0	-1.0	-0.99215686	-1.0	630	400	100	0
1235541	1005	602	14	496	400	123	131	253	224	255	0	0	0	0	0	0	0	0	0	0	0	0	0	0	0	0	1.0	-1.0	-0.99215686	-1.0	630	400	100	0
1235575	981	381	14	496	400	123	131	253	224	255	0	0	0	0	0	0	0	0	0	0	0	0	0	0	0	0	1.0	-1.0	-0.99215686	-1.0	630	400	100	0
1235608	382	250	14	496	400	123	131	253	224	255	0	0	0	0	0	0	0	0	0	0	0	0	0	0	0	0	1.0	-1.0	-0.99215686	-1.0	630	400	100	0
1235641	306	420	14	496	400	123	131	253	224	255	0	0	0	0	0	0	0	0	0	0	0	0	0	0	0	0	1.0	-1.0	-0.99215686	-1.0	630	400	100	0
1235675	272	392	14	496	400	123	131	253	224	255	0	0	0	0	0	0	0	0	0	0	0	0	0	0	0	0	1.0	-1.0	-0.99215686	-1.0	630	400	100	0
1235708	402	476	14	496	400	123	131	253	224	255	0	0	0	0	0	0	0	0	0	0	0	0	0	0	0	0	1.0	-1.0	-0.99215686	-1.0	630	400	100	0
1235740	816	334	14	496	400	123	131	253	224	255	0	0	0	0	0	0	0	0	0	0	0	0	0	0	0	0	1.0	-1.0	-0.99215686	-1.0	630	400	100	0
1235774	-70	527	14	496	400	123	131	253	224	255	0	0	0	0	0	0	0	0	0	0	0	0	0	0	0	0	1.0	-1.0	-0.99215686	-1.0	630	400	100	0
1235807	1412	579	14	496	400	123	131	253	224	255	0	0	0	0	0	0	0	0	0	0	0	0	0	0	0	0	1.0	-1.0	-0.99215686	-1.0	630	400	100	0
1235840	-210	303	14	496	400	123	131	253	224	255	0	0	0	0	0	0	0	0	0	0	0	0	0	0	0	0	1.0	-1.0	-0.99215686	-1.0	630	400	100	0
1235874	528	236	14	496	400	123	131	253	224	255	0	0	0	0	0	0	0	0	0	0	0	0	0	0	0	0	1.0	-1.0	-0.99215686	-1.0	630	400	100	0
1235907	-49	538	14	496	400	123	131	253	224	255	0	0	0	0	0	0	0	0	0	0	0	0	0	0	0	0	1.0	-1.0	-0.99215686	-1.0	630	400	100	0
1235941	640	249	14	496	400	123	131	253	224	255	0	0	0	0	0	0	0	0	0	0	0	0	0	0	0	0	1.0	-1.0	-0.99215686	-1.0	630	400	100	0
1235974	368	440	14	496	400	123	131	253	224	255	0	0	0	0	0	0	0	0	0	0	0	0	0	0	0	0	1.0	-1.0	-0.99215686	-1.0	630	400	100	0
1236007	92	523	14	496	400	123	131	253	224	255	0	0	0	0	0	0	0	0	0	0	0	0	0	0	0	0	1.0	-1.0	-0.7647059	-0.9607843	630	400	100	9
1236040	323	415	14	496	400	123	131	253	224	255	0	0	0	0	0	0	0	0	0	0	0	0	0	0	0	0	1.0	-1.0	0.17647064	0.20000005	630	400	100	-2
1236073	559	319	14	496	400	123	131	253	224	255	0	0	0	0	0	0	0	0	0	0	0	0	0	0	0	0	0.67058825	-0.7254902	0.0	0.0	630	400	69	0
1236106	1333	453	14	496	400	123	131	253	224	255	0	0	0	0	0	0	0	0	0	0	0	0	0	0	0	0	0.33333337	-0.36470586	0.0	0.0	630	400	34	0
1236442	656	330	14	478	400	123	131	253	224	255	0	0	0	0	0	1	0	0	0	0	0	0	0	0	0	0	0.0	0.58431375	0.0	0.0	630	400	-30	0
1236476	771	319	14	448	400	123	131	253	224	255	0	0	0	0	0	1	0	0	0	0	0	0	0	0	0	0	0.0	1.0	0.0	0.0	630	400	-50	0
1236509	435	312	21	418	400	123	131	253	224	255	0	0	0	0	0	1	0	0	0	0	0	0	0	0	0	0	-0.25490195	1.0	0.0	0.0	630	400	-63	0
1236542	780	92	28	388	400	123	131	253	224	255	0	0	0	0	0	1	0	0	0	0	0	0	0	0	0	0	-0.25490195	1.0	0.0	0.0	630	400	-63	0
1236576	796	213	35	358	400	123	131	253	224	255	0	0	0	0	0	1	0	0	0	0	0	0	0	0	0	0	-0.25490195	1.0	0.0	0.0	630	400	-63	0
1236605	840	419	42	328	400	123	131	253	224	255	0	0	0	0	0	1	0	0	0	0	0	0	0	0	0	0	-0.25490195	1.0	0.0	0.0	630	400	-63	0
1236639	943	301	49	298	400	123	131	253	224	255	0	0	0	0	0	1	0	0	0	0	0	0	0	0	0	0	-0.25490195	1.0	0.0	0.0	630	400	-63	0
1236672	106	403	56	268	400	123	131	253	224	255	0	0	0	0	0	1	0	0	0	0	0	0	0	0	0	0	-0.25490195	1.0	0.0	0.0	630	400	-63	0
1236705	362	425	63	238	400	123	131	253	224	255	0	0	0	0	0	1	0	0	0	0	0	0	0	0	0	0	-0.25490195	1.0	0.0	0.0	630	400	-63	0
1236738	431	457	70	208	400	123	131	253	224	255	0	0	0	0	0	1	0	0	0	0	0	0	0	0	0	0	-0.25490195	1.0	0.0	0.0	630	400	-63	0
1236772	213	551	77	178	400	123	131	253	224	255	0	0	0	0	0	1	0	0	0	0	0	0	0	0	0	0	-0.25490195	1.0	0.0	0.0	630	400	-63	0
1236808	894	455	87	148	400	123	131	253	224	255	0	0	0	0	0	1	0	0	0	0	0	0	0	0	0	0	-0.3333333	1.0	0.0	0.0	630	400	-67	0
1236840	1437	301	100	118	400	123	131	253	224	255	0	0	0	0	0	1	0	0	0	0	0	0	0	0	0	0	-0.4588235	1.0	0.0	0.0	630	400	-73	0
1236872	543	432	122	92	400	123	131	253	224	255	0	0	0	0	0	1	0	0	0	0	0	0	0	0	0	0	-0.7411765	0.8666667	0.0	0.0	630	400	-81	0
1236907	368	408	150	72	400	123	131	253	224	255	0	0	0	0	0	1	0	0	0	0	0	0	0	0	0	0	-0.9372549	0.6627451	0.0	0.0	630	400	-80	0
1236938	994	368	180	58	400	123	131	253	224	255	0	0	0	0	0	1	0	0	0	0	0	0	0	0	0	0	-1.0	0.43529415	0.0	0.0	630	400	-72	0
1236972	697	398	210	49	400	123	131	253	224	255	0	0	0	0	0	1	0	0	0	0	0	0	0	0	0	0	-1.0	0.27058828	0.0	0.0	630	400	-64	0
1237009	169	398	210	49	400	123	131	253	224	255	0	0	0	0	0	0	0	0	0	0	0	0	0	0	0	0	-1.0	0.0	0.0	0.0	630	400	-50	0
1237042	651	381	210	49	400	123	131	253	224	255	0	0	0	0	0	0	0	0	0	0	0	0	0	0	0	0	-0.84313726	0.0	0.0	0.0	630	400	-43	0
1238076	392	183	210	49	400	123	131	253	224	255	0	0	0	0	0	0	0	0	0	0	0	0	0	0	0	0	0.3411765	-0.17647058	-0.38823527	-0.36470586	630	400	25	-2
1238110	406	393	210	49	400	123	131	253	224	255	0	0	0	0	0	0	0	0	0	0	0	0	0	0	0	0	1.0	-0.7411765	-0.99215686	-0.9607843	630	400	87	-2
1238143	519	385	210	49	400	123	131	253	224	255	0	0	0	0	0	0	0	0	0	0	0	0	0	0	0	0	1.0	-1.0	-0.99215686	-1.0	630	400	100	0
1238176	726	398	210	49	400	123	131	253	224	255	0	0	0	0	0	0	0	0	0	0	0	0	0	0	0	0	1.0	-1.0	-0.99215686	-1.0	630	400	100	0
1238209	605	374	210	49	400	123	131	253	224	255	0	0	0	0	0	0	0	0	0	0	0	0	0	0	0	0	1.0	-1.0	-0.99215686	-1.0	630	400	100	0
1238243	569	203	210	49	400	123	131	253	224	255	0	0	0	0	0	0	0	0	0	0	0	0	0	0	0	0	1.0	-1.0	-0.99215686	-1.0	630	400	100	0
1238276	594	261	210	49	400	123	131	253	224	255	0	0	0	0	0	0	0	0	0	0	0	0	0	0	0	0	1.0	-1.0	-0.99215686	-1.0	630	400	100	0
1238309	820	355	210	49	400	123	131	253	224	255	0	0	0	0	0	0	0	0	0	0	0	0	0	0	0	0	1.0	-1.0	-0.99215686	-1.0	630	400	100	0
1238342	298	184	210	49	400	123	131	253	224	255	0	0	0	0	0	0	0	0	0	0	0	0	0	0	0	0	1.0	-1.0	-0.99215686	-1.0	630	400	100	0
1238376	685	285	210	49	400	123	131	253	224	255	0	0	0	0	0	0	0	0	0	0	0	0	0	0	0	0	1.0	-1.0	-0.99215686	-1.0	630	400	100	0
1238409	1094	259	210	49	400	123	131	253	224	255	0	0	0	0	0	0	0	0	0	0	0	0	0	0	0	0	1.0	-1.0	-0.99215686	-1.0	630	400	100	0
1238442	714	247	210	49	400	123	131	253	224	255	0	0	0	0	0	0	0	0	0	0	0	0	0	0	0	0	1.0	-1.0	-0.99215686	-1.0	630	400	100	0
1238476	654	481	210	49	400	123	131	253	224	255	0	0	0	0	0	0	0	0	0	0	0	0	0	0	0	0	1.0	-1.0	-0.99215686	-1.0	630	400	100	0
1238509	104	592	210	49	400	123	131	253	224	255	0	0	0	0	0	0	0	0	0	0	0	0	0	0	0	0	1.0	-1.0	-0.99215686	-1.0	630	400	100	0
1238542	721	562	210	49	400	123	131	253	224	255	0	0	0	0	0	0	0	0	0	0	0	0	0	0	0	0	1.0	-1.0	-0.99215686	-1.0	630	400	100	0
1238575	435	315	210	49	400	123	131	253	224	255	0	0	0	0	0	0	0	0	0	0	0	0	0	0	0	0	1.0	-1.0	-0.99215686	-1.0	630	400	100	0
1238610	289	480	210	49	400	123	131	253	224	255	0	0	0	0	0	0	0	0	0	0	0	0	0	0	0	0	1.0	-1.0	-0.99215686	-1.0	630	400	100	0
1238641	280	304	210	49	400	123	131	253	224	255	0	0	0	0	0	0	0	0	0	0	0	0	0	0	0	0	1.0	-1.0	-0.99215686	-1.0	630	400	100	0
1238675	512	537	210	49	400	123	131	253	224	255	0	0	0	0	0	0	0	0	0	0	0	0	0	0	0	0	1.0	-1.0	-0.99215686	-1.0	630	400	100	0
1238709	271	309	210	49	400	123	131	253	224	255	0	0	0	0	0	0	0	0	0	0	0	0	0	0	0	0	1.0	-1.0	-0.99215686	-1.0	630	400	100	0
1238741	1361	138	210	49	400	123	131	253	224	255	0	0	0	0	0	0	0	0	0	0	0	0	0	0	0	0	1.0	-1.0	-0.99215686	-1.0	630	400	100	0
1238774	623	596	210	49	400	123	131	253	224	255	0	0	0	0	0	0	0	0	0	0	0	0	0	0	0	0	1.0	-1.0	-0.99215686	-1.0	630	400	100	0
1238808	336	463	210	49	400	123	131	253	224	255	0	0	0	0	0	0	0	0	0	0	0	0	0	0	0	0	1.0	-1.0	-0.99215686	-1.0	630	400	100	0
1238842	509	347	210	49	400	123	131	253	224	255	0	0	0	0	0	0	0	0	0	0	0	0	0	0	0	0	1.0	-1.0	-0.99215686	-1.0	630	400	100	0
1238874	842	343	210	49	400	123	131	253	224	255	0	0	0	0	0	0	0	0	0	0	0	0	0	0	0	0	1.0	-1.0	-0.99215686	-1.0	630	400	100	0
1238908	636	425	210	49	400	123	131	253	224	255	0	0	0	0	0	0	0	0	0	0	0	0	0	0	0	0	1.0	-1.0	-0.99215686	-1.0	630	400	100	0
1238941	736	338	210	49	400	123	131	253	224	255	0	0	0	0	0	0	0	0	0	0	0	0	0	0	0	0	1.0	-1.0	-0.99215686	-1.0	630	400	100	0
1238974	773	354	210	49	400	123	131	253	224	255	0	0	0	0	0	0	0	0	0	0	0	0	0	0	0	0	1.0	-1.0	-0.99215686	-1.0	630	400	100	0
1239007	61	515	210	49	400	123	131	253	224	255	0	0	0	0	0	0	0	0	0	0	0	0	0	0	0	0	1.0	-1.0	-0.99215686	-1.0	630	400	100	0
1239041	456	450	210	49	400	123	131	253	224	255	0	0	0	0	0	0	0	0	0	0	0	0	0	0	0	0	1.0	-1.0	-0.99215686	-1.0	630	400	100	0
1239074	636	356	210	49	400	123	131	253	224	255	0	0	0	0	0	0	0	0	0	0	0	0	0	0	0	0	1.0	-1.0	-0.99215686	-1.0	630	400	100	0
1239107	-37	398	210	49	400	123	131	253	224	255	0	0	0	0	0	0	0	0	0	0	0	0	0	0	0	0	1.0	-1.0	-0.99215686	-1.0	630	400	100	0
1239140	1295	224	210	49	400	123	131	253	224	255	0	0	0	0	0	0	0	0	0	0	0	0	0	0	0	0	1.0	-1.0	-0.99215686	-1.0	630	400	100	0
1239174	319	243	210	49	400	123	131	253	224	255	0	0	0	0	0	0	0	0	0	0	0	0	0	0	0	0	1.0	-1.0	-0.99215686	-1.0	630	400	100	0
1239207	147	412	210	49	400	123	131	253	224	255	0	0	0	0	0	0	0	0	0	0	0	0	0	0	0	0	1.0	-1.0	-0.99215686	-1.0	630	400	100	0
1239240	280	341	210	49	400	123	131	253	224	255	0	0	0	0	0	0	0	0	0	0	0	0	0	0	0	0	1.0	-1.0	-0.99215686	-1.0	630	400	100	0
1239273	250	361	210	49	400	123	131	253	224	255	0	0	0	0	0	0	0	0	0	0	0	0	0	0	0	0	1.0	-1.0	-0.99215686	-1.0	630	400	100	0
1239306	658	111	210	49	400	123	131	253	224	255	0	0	0	0	0	0	0	0	0	0	0	0	0	0	0	0	1.0	-1.0	-0.99215686	-1.0	630	400	100	0
1239340	750	294	210	49	400	123	131	253	224	255	0	0	0	0	0	0	0	0	0	0	0	0	0	0	0	0	1.0	-1.0	-0.99215686	-1.0	630	400	100	0
1239372	915	453	210	49	400	123	131	253	224	255	0	0	0	0	0	0	0	0	0	0	0	0	0	0	0	0	1.0	-1.0	-0.99215686	-1.0	630	400	100	0
1239406	21	553	210	49	400	123	131	253	224	255	0	0	0	0	0	0	0	0	0	0	0	0	0	0	0	0	1.0	-1.0	-0.99215686	-1.0	630	400	100	0
1239441	555	338	210	49	400	123	131	253	224	255	0	0	0	0	0	0	0	0	0	0	0	0	0	0	0	0	1.0	-1.0	-0.99215686	-1.0	630	400	100	0
1239477	1103	142	210	49	400	123	131	253	224	255	0	0	0	0	0	0	0	0	0	0	0	0	0	0	0	0	1.0	-1.0	-0.99215686	-1.0	630	400	100	0
1239506	892	530	210	49	400	123	131	253	224	255	0	0	0	0	0	0	0	0	0	0	0	0	0	0	0	0	1.0	-1.0	-0.99215686	-1.0	630	400	100	0
1239539	793	404	210	49	400	123	131	253	224	255	0	0	0	0	0	0	0	0	0	0	0	0	0	0	0	0	1.0	-1.0	-0.99215686	-1.0	630	400	100	0
1239573	627	268	210	49	400	123	131	253	224	255	0	0	0	0	0	0	0	0	0	0	0	0	0	0	0	0	1.0	-1.0	-0.99215686	-1.0	630	400	100	0
1239606	760	618	210	49	400	123	131	253	224	255	0	0	0	0	0	0	0	0	0	0	0	0	0	0	0	0	1.0	-1.0	-0.99215686	-1.0	630	400	100	0
1239639	610	477	210	49	400	123	131	253	224	255	0	0	0	0	0	0	0	0	0	0	0	0	0	0	0	0	1.0	-1.0	-0.99215686	-1.0	630	400	100	0
1239672	-321	265	210	49	400	123	131	253	224	255	0	0	0	0	0	0	0	0	0	0	0	0	0	0	0	0	0.92156863	-1.0	-0.99215686	-1.0	630	400	96	0
1239705	1234	410	210	49	400	123	131	253	224	255	0	0	0	0	0	0	0	0	0	0	0	0	0	0	0	0	0.6784314	-1.0	-0.99215686	-1.0	630	400	83	0
1239739	307	366	210	49	400	123	131	253	224	255	0	0	0	0	0	0	0	0	0	0	0	0	0	0	0	0	0.28627455	-1.0	-0.99215686	-1.0	630	400	64	0
1239775	415	202	210	49	400	123	131	253	224	255	0	0	0	0	0	0	0	0	0	0	0	0	0	0	0	0	0.0	-1.0	-0.99215686	-1.0	630	400	50	0
1239806	1001	539	210	49	400	123	131	253	224	255	0	0	0	0	0	0	0	0	0	0	0	0	0	0	0	0	-0.23921567	-1.0	-0.99215686	-1.0	630	400	38	0
1239843	1033	332	210	49	400	123	131	253	224	255	0	0	0	0	0	0	0	0	0	0	0	0	0	0	0	0	-0.27843136	-1.0	-0.99215686	-1.0	630	400	36	0
1239877	1189	421	210	49	400	123	131	253	224	255	0	0	0	0	0	0	0	0	0	0	0	0	0	0	0	0	-0.27843136	-1.0	-0.99215686	-1.0	630	400	36	0
1239908	512	491	210	49	400	123	131	253	224	255	0	0	0	0	0	0	0	0	0	0	0	0	0	0	0	0	-0.27843136	-1.0	-0.99215686	-1.0	630	400	36	0
1239938	952	421	210	49	400	123	131	253	224	255	0	0	0	0	0	0	0	0	0	0	0	0	0	0	0	0	-0.19215685	-1.0	-0.99215686	-1.0	630	400	40	0
1239971	-91	355	210	49	400	123	131	253	224	255	0	0	0	0	0	0	0	0	0	0	0	0	0	0	0	0	0.0	-1.0	-0.99215686	-1.0	630	400	50	0
1240011	199	505	210	49	400	123	131	253	224	255	0	0	0	0	0	0	0	0	0	0	0	0	0	0	0	0	0.3411765	-1.0	-0.99215686	-1.0	630	400	67	0
1240040	-234	508	210	49	400	123	131	253	224	255	0	0	0	0	0	0	0	0	0	0	0	0	0	0	0	0	0.4666667	-1.0	-0.99215686	-1.0	630	400	73	0
1240073	353	428	210	49	400	123	131	253	224	255	0	0	0	0	0	0	0	0	0	0	0	0	0	0	0	0	0.4666667	-1.0	-0.99215686	-1.0	630	400	73	0
1240105	98	291	210	49	400	123	131	253	224	255	0	0	0	0	0	0	0	0	0	0	0	0	0	0	0	0	0.4666667	-1.0	-0.99215686	-1.0	630	400	73	0
1240140	675	343	210	49	400	123	131	253	224	255	0	0	0	0	0	0	0	0	0	0	0	0	0	0	0	0	0.4431373	-1.0	-0.7254902	-0.96862745	630	400	72	12
1240177	1364	438	210	49	400	123	131	253	224	255	0	0	0	0	0	0	0	0	0	0	0	0	0	0	0	0	0.2941177	-1.0	-0.32549018	-0.54509807	630	400	64	10
1240205	665	263	210	49	400	123	131	253	224	255	0	0	0	0	0	0	0	0	0	0	0	0	0	0	0	0	0.16078436	-0.6156863	0.0	0.0	630	400	38	0
1240539	546	468	210	49	400	123	131	253	224	255	0	0	0	0	0	1	0	0	0	0	0	0	0	0	0	0	0.0	0.0	0.0	0.0	630	400	0	0
1240576	719	391	210	49	400	123	131	253	224	255	0	0	0	0	0	1	0	0	0	0	0	0	0	0	0	0	0.0	0.0	0.0	0.0	630	400	0	0
1240606	1138	265	204	49	400	123	131	253	224	255	0	0	0	0	0	1	0	0	0	0	0	0	0	0	0	0	0.20000005	0.0	0.0	0.0	630	400	10	0
1240643	405	402	194	49	400	123	131	253	224	255	0	0	0	0	0	1	0	0	0	0	0	0	0	0	0	0	0.30980396	0.0	0.0	0.0	630	400	15	0
1240673	661	390	179	49	400	123	131	253	224	255	0	0	0	0	0	1	0	0	0	0	0	0	0	0	0	0	0.47450984	0.0	0.0	0.0	630	400	23	0
1240707	852	595	155	49	400	123	131	253	224	255	0	0	0	0	0	1	0	0	0	0	0	0	0	0	0	0	0.79607844	0.0	0.0	0.0	630	400	39	0
1240738	274	292	125	61	400	123	131	253	224	255	0	0	0	0	0	1	0	0	0	0	0	0	0	0	0	0	1.0	-0.41176468	0.0	0.0	630	400	70	0
1240774	961	427	95	85	400	123	131	253	224	255	0	0	0	0	0	1	0	0	0	0	0	0	0	0	0	0	1.0	-0.827451	0.0	0.0	630	400	91	0
1240805	646	296	65	115	400	123	131	253	224	255	0	0	0	0	0	1	0	0	0	0	0	0	0	0	0	0	1.0	-1.0	0.0	0.0	630	400	100	0
1240844	635	329	35	145	400	123	131	253	224	255	0	0	0	0	0	1	0	0	0	0	0	0	0	0	0	0	1.0	-1.0	0.0	0.0	630	400	100	0
1240873	1441	510	5	175	400	123	131	253	224	255	0	0	0	0	0	1	0	0	0	0	0	0	0	0	0	0	1.0	-1.0	0.0	0.0	630	400	100	0
1240908	1129	54	-22	205	400	123	131	253	224	255	0	0	0	0	0	1	0	0	0	0	0	0	0	0	0	0	0.92156863	-1.0	0.0	0.0	630	400	96	0
1240939	595	277	-19	235	400	123	131	253	224	255	0	0	0	0	0	1	0	0	0	0	0	0	0	0	0	0	0.6784314	-1.0	0.0	0.0	630	400	83	0
1240976	709	361	-13	265	400	123	131	253	224	255	0	0	0	0	0	1	0	0	0	0	0	0	0	0	0	0	0.4901961	-1.0	0.0	0.0	630	400	74	0
1241005	645	624	-10	295	400	123	131	253	224	255	0	0	0	0	0	1	0	0	0	0	0	0	0	0	0	0	0.3803922	-1.0	0.0	0.0	630	400	69	0
1241043	608	631	-7	325	400	123	131	253	224	255	0	0	0	0	0	1	0	0	0	0	0	0	0	0	0	0	0.28627455	-1.0	0.0	0.0	630	400	64	0
1241076	340	340	-3	355	400	123	131	253	224	255	0	0	0	0	0	1	0	0	0	0	0	0	0	0	0	0	0.15294123	-1.0	0.0	0.0	630	400	57	0
1241107	971	527	1	378	400	123	131	253	224	255	0	0	0	0	0	1	0	0	0	0	0	0	0	0	0	0	0.0	-0.7882353	0.0	0.0	630	400	39	0
1241139	488	443	1	385	400	123	131	253	224	255	0	0	0	0	0	1	0	0	0	0	0	0	0	0	0	0	0.0	-0.26274508	0.0	0.0	630	400	13	0
1241175	962	425	1	385	400	123	131	253	224	255	0	0	0	0	0	1	0	0	0	0	0	0	0	0	0	0	0.0	0.0	0.0	0.0	630	400	0	0
1241208	-55	611	-8	385	400	123	131	253	224	255	0	0	0	0	0	1	0	0	0	0	0	0	0	0	0	0	0.3176471	0.0	0.0	0.0	630	400	15	0
1241239	466	369	-17	375	400	123	131	253	224	255	0	0	0	0	0	1	0	0	0	0	0	0	0	0	0	0	0.6156863	0.32549024	0.0	0.0	630	400	14	0
1241273	475	158	-25	358	400	123	131	253	224	255	0	0	0	0	0	1	0	0	0	0	0	0	0	0	0	0	0.88235295	0.5529412	0.0	0.0	630	400	16	0
1241305	775	418	-25	328	400	123	131	253	224	255	0	0	0	0	0	1	0	0	0	0	0	0	0	0	0	0	0.8980392	0.9764706	0.0	0.0	630	400	-4	0
1241344	213	355	-25	298	400	123	131	253	224	255	0	0	0	0	0	1	0	0	0	0	0	0	0	0	0	0	0.88235295	1.0	0.0	0.0	630	400	-6	0
1241373	642	343	-25	268	400	123	131	253	224	255	0	0	0	0	0	1	0	0	0	0	0	0	0	0	0	0	0.88235295	1.0	0.0	0.0	630	400	-6	0
1241410	824	389	-25	238	400	123	131	253	224	255	0	0	0	0	0	1	0	0	0	0	0	0	0	0	0	0	0.88235295	1.0	0.0	0.0	630	400	-6	0
1241443	454	317	-25	208	400	123	131	253	224	255	0	0	0	0	0	1	0	0	0	0	0	0	0	0	0	0	0.88235295	1.0	0.0	0.0	630	400	-6	0
1241476	531	298	-17	182	400	123	131	253	224	255	0	0	0	0	0	1	0	0	0	0	0	0	0	0	0	0	0.60784316	0.8509804	0.0	0.0	630	400	-13	0
1241508	623	452	-9	171	400	123	131	253	224	255	0	0	0	0	0	1	0	0	0	0	0	0	0	0	0	0	0.36470592	0.34901965	0.0	0.0	630	400	0	0
1241543	-216	292	-9	162	400	123	131	253	224	255	0	0	0	0	0	1	0	0	0	0	0	0	0	0	0	0	0.36470592	0.27058828	0.0	0.0	630	400	4	0
1241571	977	245	-13	156	400	123	131	253	224	255	0	0	0	0	0	1	0	0	0	0	0	0	0	0	0	0	0.49803925	0.19215691	0.0	0.0	630	400	15	0
1241609	491	298	-23	144	400	123	131	253	224	255	0	0	0	0	0	1	0	0	0	0	0	0	0	0	0	0	0.8117647	0.39607847	0.0	0.0	630	400	20	0
1241643	776	281	-29	124	400	123	131	253	224	255	0	0	0	0	0	1	0	0	0	0	0	0	0	0	0	0	1.0	0.64705884	0.0	0.0	630	400	17	0
1241676	296	211	-29	104	400	123	131	253	224	255	0	0	0	0	0	1	0	0	0	0	0	0	0	0	0	0	1.0	0.6627451	0.0	0.0	630	400	16	0
1241708	1480	487	-29	79	400	123	131	253	224	255	0	0	0	0	0	1	0	0	0	0	0	0	0	0	0	0	1.0	0.827451	0.0	0.0	630	400	8	0
1241742	1120	328	-29	52	400	123	131	253	224	255	0	0	0	0	0	1	0	0	0	0	0	0	0	0	0	0	1.0	0.8745098	0.0	0.0	630	400	6	0
1241776	941	382	-29	25	400	123	131	253	224	255	0	0	0	0	0	1	0	0	0	0	0	0	0	0	0	0	1.0	0.8745098	0.0	0.0	630	400	6	0
1241809	502	373	-29	-1	400	123	131	253	224	255	0	0	0	0	0	1	0	0	0	0	0	0	0	0	0	0	1.0	0.8901961	0.0	0.0	630	400	5	0
1241843	802	419	-29	-25	400	123	131	253	224	255	0	0	0	0	0	1	0	0	0	0	0	0	0	0	0	0	1.0	0.8901961	0.0	0.0	630	400	5	0
1241876	-153	384	-29	-25	400	123	131	253	224	255	0	0	0	0	0	1	0	0	0	0	0	0	0	0	0	0	1.0	0.8901961	0.0	0.0	630	400	5	0
1241909	442	658	-29	-21	400	123	131	253	224	255	0	0	0	0	0	1	0	0	0	0	0	0	0	0	0	0	1.0	0.7411765	0.0	0.0	630	400	12	0
1241942	830	243	-13	1	400	123	131	253	224	255	0	0	0	0	0	1	0	0	0	0	0	0	0	0	0	0	0.49803925	0.0	0.0	0.0	630	400	24	0
1241976	316	333	1	6	400	123	131	253	224	255	0	0	0	0	0	1	0	0	0	0	0	0	0	0	0	0	0.0	-0.18431371	0.0	0.0	630	400	9	0
1242009	485	321	1	16	400	123	131	253	224	255	0	0	0	0	0	1	0	0	0	0	0	0	0	0	0	0	0.0	-0.36470586	0.0	0.0	630	400	18	0
1242042	172	309	1	31	400	123	131	253	224	255	0	0	0	0	0	1	0	0	0	0	0	0	0	0	0	0	0.0	-0.52156866	0.0	0.0	630	400	26	0
1242076	433	513	8	54	400	123	131	253	224	255	0	0	0	0	0	1	0	0	0	0	0	0	0	0	0	0	-0.26274508	-0.7882353	0.0	0.0	630	400	26	0
1242108	1064	266	25	84	400	123	131	253	224	255	0	0	0	0	0	1	0	0	0	0	0	0	0	0	0	0	-0.5921569	-1.0	0.0	0.0	630	400	20	0
1242142	626	417	50	114	400	123	131	253	224	255	0	0	0	0	0	1	0	0	0	0	0	0	0	0	0	0	-0.8509804	-1.0	0.0	0.0	630	400	7	0
1242175	1159	343	77	144	400	123	131	253	224	255	0	0	0	0	0	1	0	0	0	0	0	0	0	0	0	0	-0.9137255	-1.0	0.0	0.0	630	400	4	0
1242208	370	357	104	174	400	123	131	253	224	255	0	0	0	0	0	1	0	0	0	0	0	0	0	0	0	0	-0.9137255	-1.0	0.0	0.0	630	400	4	0
1242242	982	423	128	202	400	123	131	253	224	255	0	0	0	0	0	1	0	0	0	0	0	0	0	0	0	0	-0.8039216	-0.9607843	0.0	0.0	630	400	7	0
1242275	891	443	128	209	400	123	131	253	224	255	0	0	0	0	0	1	0	0	0	0	0	0	0	0	0	0	0.0	-0.24705881	0.0	0.0	630	400	12	0
1242308	340	410	128	209	400	123	131	253	224	255	0	0	0	0	0	1	0	0	0	0	0	0	0	0	0	0	0.0	0.0	0.0	0.0	630	400	0	0
1242340	854	596	128	209	400	123	131	253	224	255	0	0	0	0	0	1	0	0	0	0	0	0	0	0	0	0	0.0	0.0	0.0	0.0	630	400	0	0
1242441	692	169	128	209	400	123	131	253	224	255	0	0	0	0	1	0	0	0	0	0	0	0	0	0	0	0	0.0	0.0	0.0	0.0	630	400	0	0
1242474	621	363	128	209	382	114	131	253	224	255	0	0	0	0	1	0	0	0	0	0	0	0	0	0	0	0	0.58431375	0.27058828	0.0	0.0	630	400	15	0
1242508	511	275	128	209	352	91	131	253	224	255	0	0	0	0	1	0	0	0	0	0	0	0	0	0	0	0	1.0	0.7490196	0.0	0.0	630	400	12	0
1242541	440	359	128	209	322	63	131	253	224	255	0	0	0	0	1	0	0	0	0	0	0	0	0	0	0	0	1.0	0.92941177	0.0	0.0	630	400	3	0
1242573	1163	415	128	209	292	33	131	253	224	255	0	0	0	0	1	0	0	0	0	0	0	0	0	0	0	0	1.0	0.99215686	0.0	0.0	630	400	0	0
1242608	755	451	128	209	262	3	131	253	224	255	0	0	0	0	1	0	0	0	0	0	0	0	0	0	0	0	1.0	1.0	0.0	0.0	630	400	0	0
1242640	504	399	128	209	232	-27	131	253	224	255	0	0	0	0	1	0	0	0	0	0	0	0	0	0	0	0	1.0	1.0	0.0	0.0	630	400	0	0
1242673	550	400	128	209	202	-30	131	253	224	255	0	0	0	0	1	0	0	0	0	0	0	0	0	0	0	0	1.0	1.0	0.0	0.0	630	400	0	0
1242707	727	400	128	209	172	-30	131	253	224	255	0	0	0	0	1	0	0	0	0	0	0	0	0	0	0	0	1.0	1.0	0.0	0.0	630	400	0	0
1242740	683	400	128	209	142	-30	131	253	224	255	0	0	0	0	1	0	0	0	0	0	0	0	0	0	0	0	1.0	1.0	0.0	0.0	630	400	0	0
1242773	405	400	128	209	112	-30	131	253	224	255	0	0	0	0	1	0	0	0	0	0	0	0	0	0	0	0	1.0	1.0	0.0	0.0	630	400	0	0
1242810	622	400	128	209	82	-30	131	253	224	255	0	0	0	0	1	0	0	0	0	0	0	0	0	0	0	0	1.0	1.0	0.0	0.0	630	400	0	0
1242841	689	400	128	209	52	-30	131	253	224	255	0	0	0	0	1	0	0	0	0	0	0	0	0	0	0	0	1.0	1.0	0.0	0.0	630	400	0	0
1242874	701	400	128	209	22	-30	131	253	224	255	0	0	0	0	1	0	0	0	0	0	0	0	0	0	0	0	1.0	1.0	0.0	0.0	630	400	0	0
1242907	616	400	128	209	-8	-30	131	253	224	255	0	0	0	0	1	0	0	0	0	0	0	0	0	0	0	0	1.0	1.0	0.0	0.0	630	400	0	0
1242940	630	400	128	209	-30	-30	131	253	224	255	0	0	0	0	1	0	0	0	0	0	0	0	0	0	0	0	1.0	1.0	0.0	0.0	630	400	0	0
1242974	630	400	128	209	-30	-30	131	253	224	255	0	0	0	0	1	0	0	0	0	0	0	0	0	0	0	0	1.0	1.0	0.0	0.0	630	400	0	0
1243007	630	400	128	209	-30	-30	131	253	224	255	0	0	0	0	1	0	0	0	0	0	0	0	0	0	0	0	1.0	1.0	0.0	0.0	630	400	0	0
1243040	630	400	128	209	-30	-30	131	253	224	255	0	0	0	0	1	0	0	0	0	0	0	0	0	0	0	0	1.0	1.0	0.0	0.0	630	400	0	0
1243074	630	400	128	209	-30	-30	131	253	224	255	0	0	0	0	1	0	0	0	0	0	0	0	0	0	0	0	1.0	1.0	0.0	0.0	630	400	0	0
1243107	630	400	128	209	-30	-30	131	253	224	255	0	0	0	0	1	0	0	0	0	0	0	0	0	0	0	0	1.0	1.0	0.0	0.0	630	400	0	0
1243139	630	400	128	209	-30	-30	131	253	224	255	0	0	0	0	1	0	0	0	0	0	0	0	0	0	0	0	1.0	1.0	0.0	0.0	630	400	0	0
1243173	630	400	128	209	-30	-30	131	253	224	255	0	0	0	0	1	0	0	0	0	0	0	0	0	0	0	0	1.0	1.0	0.0	0.0	630	400	0	0
1243208	630	400	128	209	-30	-30	131	253	224	255	0	0	0	0	1	0	0	0	0	0	0	0	0	0	0	0	1.0	1.0	0.0	0.0	630	400	0	0
1243243	630	400	128	209	-30	-30	131	253	224	255	0	0	0	0	1	0	0	0	0	0	0	0	0	0	0	0	1.0	1.0	0.0	0.0	630	400	0	0
1243273	630	400	128	209	-30	-30	131	253	224	255	0	0	0	0	1	0	0	0	0	0	0	0	0	0	0	0	1.0	1.0	0.0	0.0	630	400	0	0
1243306	630	400	128	209	-30	-30	131	253	224	255	0	0	0	0	1	0	0	0	0	0	0	0	0	0	0	0	1.0	1.0	0.0	0.0	630	400	0	0
1243339	630	400	128	209	-30	-28	131	253	224	255	0	0	0	0	1	0	0	0	0	0	0	0	0	0	0	0	1.0	0.9372549	0.0	0.0	630	400	3	0
1243372	630	400	128	209	-22	-19	131	253	224	255	0	0	0	0	1	0	0	0	0	0	0	0	0	0	0	0	0.7490196	0.6627451	0.0	0.0	630	400	4	0
1243406	630	400	128	209	0	0	131	253	224	255	0	0	0	0	0	0	0	0	0	0	0	0	0	0	0	0	0.0	-0.17647058	0.0	0.0	630	400	8	0
1243810	630	400	121	209	0	0	131	253	224	255	0	0	0	0	0	1	0	0	0	0	0	0	0	0	0	0	0.20784318	0.0	0.0	0.0	630	400	10	0
1243843	630	400	107	203	0	0	131	253	224	255	0	0	0	0	0	1	0	0	0	0	0	0	0	0	0	0	0.4431373	0.19215691	0.0	0.0	630	400	12	0
1243876	630	400	85	189	0	0	131	253	224	255	0	0	0	0	0	1	0	0	0	0	0	0	0	0	0	0	0.7254902	0.43529415	0.0	0.0	630	400	14	0
1243908	630	400	55	171	0	0	131	253	224	255	0	0	0	0	0	1	0	0	0	0	0	0	0	0	0	0	1.0	0.58431375	0.0	0.0	630	400	20	0
1243940	630	400	25	151	0	0	131	253	224	255	0	0	0	0	0	1	0	0	0	0	0	0	0	0	0	0	1.0	0.6392157	0.0	0.0	630	400	18	0
1243973	630	400	-5	133	0	0	131	253	224	255	0	0	0	0	0	1	0	0	0	0	0	0	0	0	0	0	1.0	0.5764706	0.0	0.0	630	400	21	0
1244005	630	400	1	133	0	0	131	253	224	255	0	0	0	0	0	1	0	0	0	0	0	0	0	0	0	0	0.0	0.0	0.0	0.0	630	400	0	0
1244038	630	400	1	133	0	0	131	253	224	255	0	0	0	0	0	1	0	0	0	0	0	0	0	0	0	0	0.0	0.0	0.0	0.0	630	400	0	0
1244071	630	400	1	133	0	0	131	253	224	255	0	0	0	0	0	1	0	0	0	0	0	0	0	0	0	0	0.0	0.0	0.0	0.0	630	400	0	0
1244105	630	400	1	133	0	0	131	253	224	255	0	0	0	0	0	1	0	0	0	0	0	0	0	0	0	0	0.0	0.0	0.0	0.0	630	400	0	0
1244143	630	400	1	133	0	0	131	253	224	255	0	0	0	0	0	1	0	0	0	0	0	0	0	0	0	0	0.0	0.0	0.0	0.0	630	400	0	0
1244171	630	400	1	133	0	0	131	253	224	255	0	0	0	0	0	1	0	0	0	0	0	0	0	0	0	0	0.0	0.0	0.0	0.0	630	400	0	0
1244210	630	400	1	133	0	0	131	253	224	255	0	0	0	0	0	1	0	0	0	0	0	0	0	0	0	0	0.0	0.0	0.0	0.0	630	400	0	0
1244238	630	400	12	141	0	0	131	253	224	255	0	0	0	0	0	1	0	0	0	0	0	0	0	0	0	0	-0.3960784	-0.27843136	0.0	0.0	630	400	-6	0
1244276	630	400	31	151	0	0	131	253	224	255	0	0	0	0	0	1	0	0	0	0	0	0	0	0	0	0	-0.6392157	-0.36470586	0.0	0.0	630	400	-14	0
1244308	630	400	56	163	0	0	131	253	224	255	0	0	0	0	0	1	0	0	0	0	0	0	0	0	0	0	-0.84313726	-0.41176468	0.0	0.0	630	400	-22	0
1244339	630	400	83	175	0	0	131	253	224	255	0	0	0	0	0	1	0	0	0	0	0	0	0	0	0	0	-0.92156863	-0.41176468	0.0	0.0	630	400	-26	0
1244377	630	400	109	185	0	0	131	253	224	255	0	0	0	0	0	1	0	0	0	0	0	0	0	0	0	0	-0.8666667	-0.36470586	0.0	0.0	630	400	-26	0
1244410	630	400	119	185	0	0	131	253	224	255	0	0	0	0	0	1	0	0	0	0	0	0	0	0	0	0	-0.3333333	0.0	0.0	0.0	630	400	-17	0
1244443	630	400	119	185	0	0	131	253	224	255	0	0	0	0	0	1	0	0	0	0	0	0	0	0	0	0	0.0	0.0	0.0	0.0	630	400	0	0
1244476	630	400	119	185	0	0	131	253	224	255	0	0	0	0	0	1	0	0	0	0	0	0	0	0	0	0	0.0	0.0	0.0	0.0	630	400	0	0
1244510	630	400	119	185	0	0	131	253	224	255	0	0	0	0	0	1	0	0	0	0	0	0	0	0	0	0	0.0	0.0	0.0	0.0	630	400	0	0
1244544	630	400	119	185	0	0	131	253	224	255	0	0	0	0	0	1	0	0	0	0	0	0	0	0	0	0	0.0	0.0	0.0	0.0	630	400	0	0
1244572	630	400	119	185	0	0	131	253	224	255	0	0	0	0	0	1	0	0	0	0	0	0	0	0	0	0	0.0	0.0	0.0	0.0	630	400	0	0
1244610	630	400	119	179	0	0	131	253	224	255	0	0	0	0	0	1	0	0	0	0	0	0	0	0	0	0	0.0	0.18431377	0.0	0.0	630	400	-10	0
1244639	630	400	119	162	0	0	131	253	224	255	0	0	0	0	0	1	0	0	0	0	0	0	0	0	0	0	0.0	0.56078434	0.0	0.0	630	400	-29	0
1244677	630	400	111	132	0	0	131	253	224	255	0	0	0	0	0	1	0	0	0	0	0	0	0	0	0	0	0.26274514	0.99215686	0.0	0.0	630	400	-37	0
1244706	630	400	100	102	0	0	131	253	224	255	0	0	0	0	0	1	0	0	0	0	0	0	0	0	0	0	0.36470592	1.0	0.0	0.0	630	400	-32	0
1244740	630	400	84	72	0	0	131	253	224	255	0	0	0	0	0	1	0	0	0	0	0	0	0	0	0	0	0.52156866	1.0	0.0	0.0	630	400	-24	0
1244774	630	400	63	42	0	0	131	253	224	255	0	0	0	0	0	1	0	0	0	0	0	0	0	0	0	0	0.69411767	1.0	0.0	0.0	630	400	-16	0
1244810	630	400	41	12	0	0	131	253	224	255	0	0	0	0	0	1	0	0	0	0	0	0	0	0	0	0	0.7254902	1.0	0.0	0.0	630	400	-14	0
1244843	630	400	19	-18	0	0	131	253	224	255	0	0	0	0	0	1	0	0	0	0	0	0	0	0	0	0	0.7254902	1.0	0.0	0.0	630	400	-14	0
1244876	630	400	0	-29	0	0	131	253	224	255	0	0	0	0	0	1	0	0	0	0	0	0	0	0	0	0	0.6313726	1.0	0.0	0.0	630	400	-19	0
1244909	630	400	1	-19	0	0	131	253	224	255	0	0	0	0	0	1	0	0	0	0	0	0	0	0	0	0	0.0	0.6784314	0.0	0.0	630	400	-34	0
1244939	630	400	7	1	0	0	131	253	224	255	0	0	0	0	0	1	0	0	0	0	0	0	0	0	0	0	-0.20784312	0.0	0.0	0.0	630	400	-11	0
1244971	630	400	22	1	0	0	131	253	224	255	0	0	0	0	0	1	0	0	0	0	0	0	0	0	0	0	-0.5294118	0.0	0.0	0.0	630	400	-27	0
1245009	630	400	47	1	0	0	131	253	224	255	0	0	0	0	0	1	0	0	0	0	0	0	0	0	0	0	-0.8509804	0.0	0.0	0.0	630	400	-43	0
1245041	630	400	76	1	0	0	131	253	224	255	0	0	0	0	0	1	0	0	0	0	0	0	0	0	0	0	-0.9764706	0.0	0.0	0.0	630	400	-49	0
1245075	630	400	105	20	0	0	131	253	224	255	0	0	0	0	0	1	0	0	0	0	0	0	0	0	0	0	-0.9843137	-0.64705884	0.0	0.0	630	400	-17	0
1245109	630	400	131	49	0	0	131	253	224	255	0	0	0	0	0	1	0	0	0	0	0	0	0	0	0	0	-0.8980392	-0.9843137	0.0	0.0	630	400	4	0
1245143	630	400	149	79	0	0	131	253	224	255	0	0	0	0	0	1	0	0	0	0	0	0	0	0	0	0	-0.62352943	-1.0	0.0	0.0	630	400	18	0
1245176	630	400	167	109	0	0	131	253	224	255	0	0	0	0	0	1	0	0	0	0	0	0	0	0	0	0	-0.6156863	-1.0	0.0	0.0	630	400	19	0
1245209	630	400	183	139	0	0	131	253	224	255	0	0	0	0	0	1	0	0	0	0	0	0	0	0	0	0	-0.56078434	-1.0	0.0	0.0	630	400	21	0
1245242	630	400	192	155	0	0	131	253	224	255	0	0	0	0	0	1	0	0	0	0	0	0	0	0	0	0	-0.3098039	-0.56078434	0.0	0.0	630	400	12	0
1245275	630	400	192	155	0	0	131	253	224	255	0	0	0	0	0	1	0	0	0	0	0	0	0	0	0	0	0.0	0.0	0.0	0.0	630	400	0	0
1245309	630	400	192	155	0	0	131	253	224	255	0	0	0	0	0	1	0	0	0	0	0	0	0	0	0	0	0.0	0.0	0.0	0.0	630	400	0	0
1245341	630	400	192	155	0	0	131	253	224	255	0	0	0	0	0	1	0	0	0	0	0	0	0	0	0	0	0.0	0.0	0.0	0.0	630	400	0	0
1245375	630	400	192	155	0	0	131	253	224	255	0	0	0	0	0	1	0	0	0	0	0	0	0	0	0	0	0.0	0.0	0.0	0.0	630	400	0	0
1245408	630	400	192	155	0	0	131	253	224	255	0	0	0	0	0	1	0	0	0	0	0	0	0	0	0	0	0.0	0.0	0.0	0.0	630	400	0	0
1245442	630	400	192	155	0	0	131	253	224	255	0	0	0	0	0	1	0	0	0	0	0	0	0	0	0	0	0.0	0.0	0.0	0.0	630	400	0	0
1245474	630	400	192	155	0	0	131	253	224	255	0	0	0	0	0	1	0	0	0	0	0	0	0	0	0	0	0.0	0.0	0.0	0.0	630	400	0	0
1245508	630	400	192	164	0	0	131	253	224	255	0	0	0	0	0	1	0	0	0	0	0	0	0	0	0	0	0.0	-0.3098039	0.0	0.0	630	400	15	0
1245541	630	400	192	175	0	0	131	253	224	255	0	0	0	0	0	1	0	0	0	0	0	0	0	0	0	0	0.0	-0.3960784	0.0	0.0	630	400	19	0
1245575	630	400	192	187	0	0	131	253	224	255	0	0	0	0	0	1	0	0	0	0	0	0	0	0	0	0	0.0	-0.41960782	0.0	0.0	630	400	20	0
1245608	630	400	192	195	0	0	131	253	224	255	0	0	0	0	0	1	0	0	0	0	0	0	0	0	0	0	0.0	-0.27843136	0.0	0.0	630	400	13	0
1245643	630	400	192	199	0	0	131	253	224	255	0	0	0	0	0	1	0	0	0	0	0	0	0	0	0	0	0.0	-0.1607843	0.0	0.0	630	400	8	0
1245674	630	400	192	199	0	0	131	253	224	255	0	0	0	0	0	1	0	0	0	0	0	0	0	0	0	0	0.0	0.0	0.0	0.0	630	400	0	0
1245708	630	400	192	199	0	0	131	253	224	255	0	0	0	0	0	1	0	0	0	0	0	0	0	0	0	0	0.0	0.0	0.0	0.0	630	400	0	0
1245740	630	400	192	199	0	0	131	253	224	255	0	0	0	0	0	1	0	0	0	0	0	0	0	0	0	0	0.0	0.0	0.0	0.0	630	400	0	0
1245774	630	400	192	199	0	0	131	253	224	255	0	0	0	0	0	1	0	0	0	0	0	0	0	0	0	0	0.0	0.0	0.0	0.0	630	400	0	0
1245807	630	400	192	199	0	0	131	253	224	255	0	0	0	0	0	1	0	0	0	0	0	0	0	0	0	0	0.0	0.0	0.0	0.0	630	400	0	0
1245840	630	400	192	199	0	0	131	253	224	255	0	0	0	0	0	1	0	0	0	0	0	0	0	0	0	0	0.0	0.0	0.0	0.0	630	400	0	0
1245874	630	400	192	199	0	0	131	253	224	255	0	0	0	0	0	1	0	0	0	0	0	0	0	0	0	0	0.0	0.0	0.0	0.0	630	400	0	0
1245907	630	400	192	199	0	0	131	253	224	255	0	0	0	0	0	1	0	0	0	0	0	0	0	0	0	0	0.0	0.0	0.0	0.0	630	400	0	0
1245940	630	400	192	199	0	0	131	253	224	255	0	0	0	0	0	1	0	0	0	0	0	0	0	0	0	0	0.0	0.0	0.0	0.0	630	400	0	0
1245973	630	400	192	199	0	0	131	253	224	255	0	0	0	0	0	1	0	0	0	0	0	0	0	0	0	0	0.0	0.0	0.0	0.0	630	400	0	0
1246007	630	400	192	199	0	0	131	253	224	255	0	0	0	0	0	1	0	0	0	0	0	0	0	0	0	0	0.0	0.0	0.0	0.0	630	400	0	0
1246040	630	400	192	199	0	0	131	253	224	255	0	0	0	0	0	1	0	0	0	0	0	0	0	0	0	0	0.0	0.0	0.0	0.0	630	400	0	0
1246073	630	400	192	199	0	0	131	253	224	255	0	0	0	0	0	1	0	0	0	0	0	0	0	0	0	0	0.0	0.0	0.0	0.0	630	400	0	0
1246107	630	400	192	199	0	0	131	253	224	255	0	0	0	0	0	1	0	0	0	0	0	0	0	0	0	0	0.0	0.0	0.0	0.0	630	400	0	0
1246140	630	400	192	199	0	0	131	253	224	255	0	0	0	0	0	1	0	0	0	0	0	0	0	0	0	0	0.0	0.0	0.0	0.0	630	400	0	0
1246173	630	400	192	199	0	0	131	253	224	255	0	0	0	0	0	1	0	0	0	0	0	0	0	0	0	0	0.0	0.0	0.0	0.0	630	400	0	0
1246206	630	400	192	199	0	0	131	253	224	255	0	0	0	0	0	1	0	0	0	0	0	0	0	0	0	0	0.0	0.0	0.0	0.0	630	400	0	0
1246242	630	400	192	199	0	0	131	253	224	255	0	0	0	0	0	1	0	0	0	0	0	0	0	0	0	0	0.0	0.0	0.0	0.0	630	400	0	0
1246273	630	400	192	199	0	0	131	253	224	255	0	0	0	0	0	1	0	0	0	0	0	0	0	0	0	0	0.0	0.0	0.0	0.0	630	400	0	0
