millis	xpos	ypos	sX	sY	dpX	dpY	red	green	blue	opacity	A1	A2	A3	A4	L1	R1	L2	R2	S1	S2	M1	M2	up	down	left	right	anlgX	anlgY	anlgU	anlgV	x_mean	y_mean	joy1_int	joy2_int
1187640	732	396	470	52	167	294	16	202	80	106	0	0	0	0	0	0	0	0	1	0	0	0	0	0	0	0	0.0	0.0	0.0	0.0	630	400	0	0
1188874	813	405	470	52	167	294	16	202	80	106	0	0	0	0	0	0	0	0	0	0	0	0	0	0	0	0	0.0	0.0	0.15294123	0.0	630	400	0	7
1188909	322	678	470	52	167	294	16	202	80	106	0	0	0	0	0	0	0	0	0	0	0	0	0	0	0	0	0.0	0.0	0.17647064	0.0	630	400	0	8
1188938	607	237	470	52	167	294	16	202	80	106	0	0	0	0	0	0	0	0	0	0	0	0	0	0	0	0	0.0	0.0	0.22352946	0.0	630	400	0	11
1188973	921	199	470	52	167	294	16	202	80	106	0	0	0	0	0	0	0	0	0	0	0	0	0	0	0	0	0.0	0.0	0.30196083	0.23921573	630	400	0	3
1189004	686	571	470	52	167	294	16	202	80	106	0	0	0	0	0	0	0	0	0	0	0	0	0	0	0	0	0.0	0.0	0.36470592	0.36470592	630	400	0	0
1189041	654	1119	470	52	167	294	16	202	80	106	0	0	0	0	0	0	0	0	0	0	0	0	0	0	0	0	0.0	0.0	0.39607847	0.427451	630	400	0	-2
1189072	441	197	470	52	167	294	16	202	80	106	0	0	0	0	0	0	0	0	0	0	0	0	0	0	0	0	0.0	0.0	0.39607847	0.427451	630	400	0	-2
1189108	525	827	470	52	167	294	16	202	80	106	0	0	0	0	0	0	0	0	0	0	0	0	0	0	0	0	0.0	0.0	0.39607847	0.427451	630	400	0	-2
1189141	545	487	470	52	167	294	16	202	80	106	0	0	0	0	0	0	0	0	0	0	0	0	0	0	0	0	0.0	0.0	0.30196083	0.38823533	630	400	0	-5
1189173	567	55	470	52	167	294	16	202	80	106	0	0	0	0	0	0	0	0	0	0	0	0	0	0	0	0	0.0	0.0	0.1686275	0.0	630	400	0	8
1189237	294	198	470	52	167	294	16	202	80	106	0	0	0	0	0	0	0	0	0	0	0	0	0	0	0	0	0.0	0.0	-0.23137254	-0.23137254	630	400	0	0
1189275	510	131	470	52	167	294	16	202	80	106	0	0	0	0	0	0	0	0	0	0	0	0	0	0	0	0	0.0	0.0	-0.41176468	-0.60784316	630	400	0	9
1189308	629	30	470	52	167	294	16	202	80	106	0	0	0	0	0	0	0	0	0	0	0	0	0	0	0	0	0.17647064	0.0	-0.56078434	-0.9137255	630	400	8	17
1189341	644	425	470	52	167	294	16	202	80	106	0	0	0	0	0	0	0	0	0	0	0	0	0	0	0	0	0.45098042	-0.17647058	-0.5921569	-0.9607843	630	400	31	18
1189373	92	281	470	52	167	294	16	202	80	106	0	0	0	0	0	0	0	0	0	0	0	0	0	0	0	0	0.6156863	-0.52156866	-0.5686275	-0.9607843	630	400	56	19
1189405	841	797	470	52	167	294	16	202	80	106	0	0	0	0	0	0	0	0	0	0	0	0	0	0	0	0	0.52156866	-0.84313726	-0.42745095	-0.7490196	630	400	68	16
1189442	309	136	470	52	167	294	16	202	80	106	0	0	0	0	0	0	0	0	0	0	0	0	0	0	0	0	0.41176474	-1.0	-0.21568626	-0.31764704	630	400	70	5
1189475	599	-152	470	52	167	294	16	202	80	106	0	0	0	0	0	0	0	0	0	0	0	0	0	0	0	0	0.18431377	-1.0	0.0	0.0	630	400	59	0
1189504	622	651	470	52	167	294	16	202	80	106	0	0	0	0	0	0	0	0	0	0	0	0	0	0	0	0	0.0	-1.0	0.0	0.0	630	400	50	0
1189540	826	77	470	52	167	294	16	202	80	106	0	0	0	0	0	0	0	0	0	0	0	0	0	0	0	0	-0.35686272	-1.0	0.1686275	0.19215691	630	400	32	-2
1189575	704	511	470	52	167	294	16	202	80	106	0	0	0	0	0	0	0	0	0	0	0	0	0	0	0	0	-0.41960782	-1.0	0.23921573	0.26274514	630	400	29	-2
1189604	752	715	470	52	167	294	16	202	80	106	0	0	0	0	0	0	0	0	0	0	0	0	0	0	0	0	-0.41960782	-0.8980392	0.3176471	0.4039216	630	400	23	-5
1189642	668	657	470	52	167	294	16	202	80	106	0	0	0	0	0	0	0	0	0	0	0	0	0	0	0	0	-0.44313723	-0.79607844	0.41176474	0.6156863	630	400	17	-11
1189674	533	-104	470	52	167	294	16	202	80	106	0	0	0	0	0	0	0	0	0	0	0	0	0	0	0	0	-0.4588235	-0.62352943	0.4666667	0.8039216	630	400	8	-17
1189708	960	382	470	52	167	294	16	202	80	106	0	0	0	0	0	0	0	0	0	0	0	0	0	0	0	0	-0.4588235	-0.32549018	0.5372549	0.94509804	630	400	-7	-21
1189741	529	806	470	52	167	294	16	202	80	106	0	0	0	0	0	0	0	0	0	0	0	0	0	0	0	0	-0.4588235	0.0	0.5764706	0.9764706	630	400	-23	-20
1189775	599	577	470	52	167	294	16	202	80	106	0	0	0	0	0	0	0	0	0	0	0	0	0	0	0	0	-0.27843136	0.27058828	0.5764706	0.90588236	630	400	-28	-17
1189808	777	494	470	52	167	294	16	202	80	106	0	0	0	0	0	0	0	0	0	0	0	0	0	0	0	0	0.0	0.38823533	0.36470592	0.427451	630	400	-20	-4
1189840	614	464	470	52	167	294	16	202	80	106	0	0	0	0	0	0	0	0	0	0	0	0	0	0	0	0	0.0	0.45098042	0.0	0.0	630	400	-23	0
1189874	761	422	470	52	167	294	16	202	80	106	0	0	0	0	0	0	0	0	0	0	0	0	0	0	0	0	0.3803922	0.6627451	0.0	0.0	630	400	-15	0
1189908	564	168	470	52	167	294	16	202	80	106	0	0	0	0	0	0	0	0	0	0	0	0	0	0	0	0	0.67058825	0.7647059	-0.23137254	-0.36470586	630	400	-5	6
1189941	692	137	470	52	167	294	16	202	80	106	0	0	0	0	0	0	0	0	0	0	0	0	0	0	0	0	0.96862745	0.9529412	-0.4352941	-0.6862745	630	400	0	12
1189974	378	725	470	52	167	294	16	202	80	106	0	0	0	0	0	0	0	0	0	0	0	0	0	0	0	0	1.0	1.0	-0.5058824	-0.88235295	630	400	0	18
1190007	348	618	470	52	167	294	16	202	80	106	0	0	0	0	0	0	0	0	0	0	0	0	0	0	0	0	1.0	1.0	-0.56078434	-0.9137255	630	400	0	17
1190041	1099	524	470	52	167	294	16	202	80	106	0	0	0	0	0	0	0	0	0	0	0	0	0	0	0	0	1.0	1.0	-0.56078434	-0.9137255	630	400	0	17
1190073	631	403	470	52	167	294	16	202	80	106	0	0	0	0	0	0	0	0	0	0	0	0	0	0	0	0	0.7019608	0.6627451	-0.45098037	-0.9137255	630	400	1	23
1190107	443	482	470	52	167	294	16	202	80	106	0	0	0	0	0	0	0	0	0	0	0	0	0	0	0	0	0.17647064	0.0	-0.3490196	-0.6156863	630	400	8	13
1190206	512	153	470	52	167	294	16	202	80	106	0	0	0	0	0	0	0	0	0	0	0	0	0	0	0	0	0.0	-0.2235294	0.0	0.30196083	630	400	11	-16
1190240	681	98	470	52	167	294	16	202	80	106	0	0	0	0	0	0	0	0	0	0	0	0	0	0	0	0	0.20000005	-0.38823527	0.22352946	0.5686275	630	400	29	-18
1190273	680	199	470	52	167	294	16	202	80	106	0	0	0	0	0	0	0	0	0	0	0	0	0	0	0	0	0.41176474	-0.46666664	0.27058828	0.7647059	630	400	43	-25
1190306	651	514	470	52	167	294	16	202	80	106	0	0	0	0	0	0	0	0	0	0	0	0	0	0	0	0	0.52156866	-0.52156866	0.2941177	0.8901961	630	400	52	-30
1190339	385	-332	470	52	167	294	16	202	80	106	0	0	0	0	0	0	0	0	0	0	0	0	0	0	0	0	0.69411767	-0.5372549	0.30196083	0.92941177	630	400	61	-32
1190373	606	1	470	52	167	294	16	202	80	106	0	0	0	0	0	0	0	0	0	0	0	0	0	0	0	0	0.88235295	-0.41176468	0.0	0.8666667	630	400	64	-44
1190406	603	186	470	52	167	294	16	202	80	106	0	0	0	0	0	0	0	0	0	0	0	0	0	0	0	0	1.0	-0.3490196	0.0	0.4666667	630	400	67	-24
1190439	704	666	470	52	167	294	16	202	80	106	0	0	0	0	0	0	0	0	0	0	0	0	0	0	0	0	1.0	-0.24705881	-0.30196077	0.0	630	400	62	-16
1190473	537	64	470	52	167	294	16	202	80	106	0	0	0	0	0	0	0	0	0	0	0	0	0	0	0	0	1.0	-0.17647058	-0.32549018	-0.15294117	630	400	58	-9
1190506	1083	60	470	52	167	294	16	202	80	106	0	0	0	0	0	0	0	0	0	0	0	0	0	0	0	0	1.0	0.0	-0.32549018	-0.27843136	630	400	50	-3
1190539	728	505	470	52	167	294	16	202	80	106	0	0	0	0	0	0	0	0	0	0	0	0	0	0	0	0	1.0	0.0	-0.32549018	-0.45098037	630	400	50	6
1190572	673	949	470	52	167	294	16	202	80	106	0	0	0	0	0	0	0	0	0	0	0	0	0	0	0	0	1.0	0.27058828	-0.42745095	-0.6	630	400	36	8
1190606	506	229	470	52	167	294	16	202	80	106	0	0	0	0	0	0	0	0	0	0	0	0	0	0	0	0	1.0	0.30980396	-0.4823529	-0.64705884	630	400	34	8
1190640	405	473	470	52	167	294	16	202	80	106	0	0	0	0	0	0	0	0	0	0	0	0	0	0	0	0	1.0	0.32549024	-0.6313726	-0.69411767	630	400	33	3
1190674	503	232	470	52	167	294	16	202	80	106	0	0	0	0	0	0	0	0	0	0	0	0	0	0	0	0	1.0	0.33333337	-0.6784314	-0.67058825	630	400	33	-1
1190705	995	288	470	52	167	294	16	202	80	106	0	0	0	0	0	0	0	0	0	0	0	0	0	0	0	0	1.0	0.33333337	-0.6784314	-0.6313726	630	400	33	-3
1190740	527	-68	470	52	167	294	16	202	80	106	0	0	0	0	0	0	0	0	0	0	0	0	0	0	0	0	0.96862745	0.0	-0.3490196	-0.31764704	630	400	48	-2
1190771	695	249	470	52	167	294	16	202	80	106	0	0	0	0	0	0	0	0	0	0	0	0	0	0	0	0	0.27058828	-0.24705881	0.0	0.0	630	400	25	0
1190806	823	36	470	52	167	294	16	202	80	106	0	0	0	0	0	0	0	0	0	0	0	0	0	0	0	0	0.0	-0.26274508	0.0	0.0	630	400	13	0
1190839	644	255	470	52	167	294	16	202	80	106	0	0	0	0	0	0	0	0	0	0	0	0	0	0	0	0	-0.26274508	-0.38823527	0.30196083	0.20000005	630	400	6	5
1190872	304	652	470	52	167	294	16	202	80	106	0	0	0	0	0	0	0	0	0	0	0	0	0	0	0	0	-0.5294118	-0.47450978	0.4431373	0.3176471	630	400	-3	6
1190907	616	326	470	52	167	294	16	202	80	106	0	0	0	0	0	0	0	0	0	0	0	0	0	0	0	0	-0.84313726	-0.7882353	0.6	0.5686275	630	400	-3	1
1190938	750	-72	470	52	167	294	16	202	80	106	0	0	0	0	0	0	0	0	0	0	0	0	0	0	0	0	-0.94509804	-1.0	0.7019608	0.75686276	630	400	2	-3
1190971	520	1064	470	52	167	294	16	202	80	106	0	0	0	0	0	0	0	0	0	0	0	0	0	0	0	0	-0.9843137	-1.0	0.78039217	0.94509804	630	400	0	-9
1191005	887	785	470	52	167	294	16	202	80	106	0	0	0	0	0	0	0	0	0	0	0	0	0	0	0	0	-0.8745098	-1.0	0.827451	1.0	630	400	6	-9
1191037	676	874	470	52	167	294	16	202	80	106	0	0	0	0	0	0	0	0	0	0	0	0	0	0	0	0	-0.3333333	-1.0	0.79607844	1.0	630	400	33	-11
1191076	822	-197	470	52	167	294	16	202	80	106	0	0	0	0	0	0	0	0	0	0	0	0	0	0	0	0	0.0	-1.0	0.48235297	1.0	630	400	50	-26
1191104	474	653	470	52	167	294	16	202	80	106	0	0	0	0	0	0	0	0	0	0	0	0	0	0	0	0	0.2941177	-1.0	0.0	0.96862745	630	400	64	-49
1191137	576	865	470	52	167	294	16	202	80	106	0	0	0	0	0	0	0	0	0	0	0	0	0	0	0	0	0.6313726	-1.0	-0.20784312	0.5294118	630	400	81	-37
1191172	626	293	470	52	167	294	16	202	80	106	0	0	0	0	0	0	0	0	0	0	0	0	0	0	0	0	0.96862745	-1.0	-0.3490196	0.254902	630	400	98	-31
1191206	717	379	470	52	167	294	16	202	80	106	0	0	0	0	0	0	0	0	0	0	0	0	0	0	0	0	1.0	-0.9607843	-0.41176468	0.0	630	400	98	-21
1191238	756	786	470	52	167	294	16	202	80	106	0	0	0	0	0	0	0	0	0	0	0	0	0	0	0	0	1.0	-0.8745098	-0.42745095	0.0	630	400	93	-22
1191274	654	558	470	52	167	294	16	202	80	106	0	0	0	0	0	0	0	0	0	0	0	0	0	0	0	0	1.0	-0.7411765	-0.42745095	-0.19999999	630	400	87	-12
1191309	579	591	470	52	167	294	16	202	80	106	0	0	0	0	0	0	0	0	0	0	0	0	0	0	0	0	0.8117647	-0.41176468	-0.3490196	-0.3098039	630	400	61	-2
1191337	724	416	470	52	167	294	16	202	80	106	0	0	0	0	0	0	0	0	0	0	0	0	0	0	0	0	0.427451	-0.26274508	-0.23137254	-0.40392154	630	400	34	8
1191373	742	491	470	52	167	294	16	202	80	106	0	0	0	0	0	0	0	0	0	0	0	0	0	0	0	0	0.28627455	0.0	-0.16862744	-0.42745095	630	400	14	12
1191405	527	174	470	52	167	294	16	202	80	106	0	0	0	0	0	0	0	0	0	0	0	0	0	0	0	0	0.15294123	0.0	-0.1607843	-0.4352941	630	400	7	13
1191439	518	503	470	52	167	294	16	202	80	106	0	0	0	0	0	0	0	0	0	0	0	0	0	0	0	0	0.0	0.0	0.0	-0.45098037	630	400	0	22
1191473	531	48	470	52	167	294	16	202	80	106	0	0	0	0	0	0	0	0	0	0	0	0	0	0	0	0	0.0	0.0	0.0	-0.38039213	630	400	0	19
1191504	567	837	470	52	167	294	16	202	80	106	0	0	0	0	0	0	0	0	0	0	0	0	0	0	0	0	0.0	0.0	0.0	-0.21568626	630	400	0	10
1191708	320	772	440	35	3	155	16	202	80	106	0	0	0	0	0	0	1	0	0	0	0	0	0	0	0	0	0.0	0.0	0.0	0.0	630	400	0	0
1191741	628	457	176	126	308	43	62	49	29	106	0	0	0	0	0	0	1	0	0	0	0	0	0	0	0	0	0.0	0.0	0.0	0.0	630	400	0	0
1191772	393	374	478	153	354	23	7	165	216	106	0	0	0	0	0	0	1	0	0	0	0	0	0	0	0	0	0.0	0.0	0.0	0.0	630	400	0	0
1191805	361	396	345	479	272	167	114	251	235	106	0	0	0	0	0	0	1	0	0	0	0	0	0	0	0	0	0.0	0.0	0.0	0.0	630	400	0	0
1191904	849	403	345	479	272	167	128	231	107	106	0	0	0	0	0	0	0	0	0	0	0	0	0	0	0	0	0.35686278	0.0	0.0	-0.15294117	630	400	17	7
1191941	631	336	345	479	272	167	128	231	107	106	0	0	0	0	0	0	0	0	0	0	0	0	0	0	0	0	0.58431375	0.16078436	-0.27843136	-0.3490196	630	400	21	3
1191976	811	258	345	479	272	167	128	231	107	106	0	0	0	0	0	0	0	0	0	0	0	0	0	0	0	0	0.90588236	0.32549024	-0.4980392	-0.6627451	630	400	29	8
1192007	723	462	345	479	272	167	128	231	107	106	0	0	0	0	0	0	0	0	0	0	0	0	0	0	0	0	1.0	0.43529415	-0.69411767	-0.8509804	630	400	28	7
1192039	375	406	345	479	272	167	128	231	107	106	0	0	0	0	0	0	0	0	0	0	0	0	0	0	0	0	1.0	0.43529415	-0.7254902	-0.9607843	630	400	28	11
1192072	592	376	345	479	272	167	128	231	107	106	0	0	0	0	0	0	0	0	0	0	0	0	0	0	0	0	1.0	0.39607847	-0.7254902	-0.9607843	630	400	30	11
1192106	580	411	345	479	272	167	128	231	107	106	0	0	0	0	0	0	0	0	0	0	0	0	0	0	0	0	0.427451	-0.19215685	-0.5686275	-0.88235295	630	400	30	15
1192141	1156	298	345	479	272	167	128	231	107	106	0	0	0	0	0	0	0	0	0	0	0	0	0	0	0	0	0.27058828	-0.29411763	-0.36470586	-0.40392154	630	400	28	1
1192171	788	421	345	479	272	167	128	231	107	106	0	0	0	0	0	0	0	0	0	0	0	0	0	0	0	0	0.20784318	-0.38039213	-0.16862744	0.0	630	400	29	-9
1192205	358	293	345	479	272	167	128	231	107	106	0	0	0	0	0	0	0	0	0	0	0	0	0	0	0	0	0.15294123	-0.654902	0.0	0.0	630	400	40	0
1192240	529	670	345	479	272	167	128	231	107	106	0	0	0	0	0	0	0	0	0	0	0	0	0	0	0	0	0.0	-0.8745098	0.0	0.0	630	400	43	0
1192271	492	235	345	479	272	167	128	231	107	106	0	0	0	0	0	0	0	0	0	0	0	0	0	0	0	0	0.0	-1.0	0.0	0.1686275	630	400	50	-9
1192305	822	294	345	479	272	167	128	231	107	106	0	0	0	0	0	0	0	0	0	0	0	0	0	0	0	0	-0.20784312	-1.0	0.0	0.21568632	630	400	39	-11
1192341	899	615	345	479	272	167	128	231	107	106	0	0	0	0	0	0	0	0	0	0	0	0	0	0	0	0	-0.3098039	-1.0	0.15294123	0.27843142	630	400	34	-7
1192372	561	403	345	479	272	167	128	231	107	106	0	0	0	0	0	0	0	0	0	0	0	0	0	0	0	0	-0.38823527	-0.92941177	0.17647064	0.30196083	630	400	27	-7
1192406	1058	400	345	479	272	167	128	231	107	106	0	0	0	0	0	0	0	0	0	0	0	0	0	0	0	0	-0.372549	-0.79607844	0.19215691	0.30196083	630	400	21	-6
1192439	1037	387	345	479	272	167	128	231	107	106	0	0	0	0	0	0	0	0	0	0	0	0	0	0	0	0	-0.2862745	-0.4980392	0.0	0.20000005	630	400	10	-11
1192475	1103	445	345	479	272	167	128	231	107	106	0	0	0	0	0	0	0	0	0	0	0	0	0	0	0	0	-0.21568626	-0.32549018	0.0	0.0	630	400	5	0
1192504	536	372	345	479	272	167	128	231	107	106	0	0	0	0	0	0	0	0	0	0	0	0	0	0	0	0	0.0	-0.20784312	0.0	0.0	630	400	10	0
1192542	868	299	345	479	272	167	128	231	107	106	0	0	0	0	0	0	0	0	0	0	0	0	0	0	0	0	0.0	-0.1607843	0.0	0.0	630	400	8	0
1192571	534	409	345	479	272	167	128	231	107	106	0	0	0	0	0	0	0	0	0	0	0	0	0	0	0	0	0.0	-0.1607843	0.0	0.0	630	400	8	0
1192603	564	549	345	479	272	167	128	231	107	106	0	0	0	0	0	0	0	0	0	0	0	0	0	0	0	0	0.0	-0.1607843	0.0	0.0	630	400	8	0
1192639	1057	427	345	479	272	167	128	231	107	106	0	0	0	0	0	0	0	0	0	0	0	0	0	0	0	0	0.0	-0.1607843	0.0	0.0	630	400	8	0
1192671	480	128	345	479	272	167	128	231	107	106	0	0	0	0	0	0	0	0	0	0	0	0	0	0	0	0	0.0	-0.1607843	0.0	0.0	630	400	8	0
1192705	350	651	345	479	272	167	128	231	107	106	0	0	0	0	0	0	0	0	0	0	0	0	0	0	0	0	0.18431377	-0.20784312	0.0	0.0	630	400	19	0
1192737	857	307	345	479	272	167	128	231	107	106	0	0	0	0	0	0	0	0	0	0	0	0	0	0	0	0	0.30980396	-0.32549018	0.0	0.0	630	400	31	0
1192772	810	267	345	479	272	167	128	231	107	106	0	0	0	0	0	0	0	0	0	0	0	0	0	0	0	0	0.5372549	-0.41960782	0.0	0.0	630	400	47	0
1192805	813	301	345	479	272	167	128	231	107	106	0	0	0	0	0	0	0	0	0	0	0	0	0	0	0	0	0.8509804	-0.46666664	0.0	0.0	630	400	65	0
1192839	708	404	345	479	272	167	128	231	107	106	0	0	0	0	0	0	0	0	0	0	0	0	0	0	0	0	1.0	-0.46666664	0.0	0.0	630	400	73	0
1192873	257	499	345	479	272	167	128	231	107	106	0	0	0	0	0	0	0	0	0	0	0	0	0	0	0	0	1.0	-0.47450978	0.0	0.0	630	400	73	0
1192905	506	235	345	479	272	167	128	231	107	106	0	0	0	0	0	0	0	0	0	0	0	0	0	0	0	0	1.0	-0.47450978	0.0	0.0	630	400	73	0
1192938	467	547	345	479	272	167	128	231	107	106	0	0	0	0	0	0	0	0	0	0	0	0	0	0	0	0	1.0	-0.44313723	0.0	0.0	630	400	72	0
1192971	586	632	345	479	272	167	128	231	107	106	0	0	0	0	0	0	0	0	0	0	0	0	0	0	0	0	0.8745098	-0.41176468	0.0	0.0	630	400	64	0
1193004	460	692	345	479	272	167	128	231	107	106	0	0	0	0	0	0	0	0	0	0	0	0	0	0	0	0	0.45098042	-0.41176468	0.0	0.0	630	400	43	0
1193037	688	253	345	479	272	167	128	231	107	106	0	0	0	0	0	0	0	0	0	0	0	0	0	0	0	0	0.0	-0.38039213	0.0	0.0	630	400	19	0
1193074	938	278	345	479	272	167	128	231	107	106	0	0	0	0	0	0	0	0	0	0	0	0	0	0	0	0	0.0	-0.36470586	0.0	0.0	630	400	18	0
1193108	711	506	345	479	272	167	128	231	107	106	0	0	0	0	0	0	0	0	0	0	0	0	0	0	0	0	-0.15294117	-0.41960782	0.0	0.0	630	400	13	0
1193137	754	358	345	479	272	167	128	231	107	106	0	0	0	0	0	0	0	0	0	0	0	0	0	0	0	0	-0.30196077	-0.4980392	0.0	0.0	630	400	9	0
1193176	685	189	345	479	272	167	128	231	107	106	0	0	0	0	0	0	0	0	0	0	0	0	0	0	0	0	-0.6627451	-0.81960785	0.0	0.0	630	400	7	0
1193204	662	334	345	479	272	167	128	231	107	106	0	0	0	0	0	0	0	0	0	0	0	0	0	0	0	0	-0.77254903	-0.8666667	0.0	0.0	630	400	4	0
1193242	274	362	345	479	272	167	128	231	107	106	0	0	0	0	0	0	0	0	0	0	0	0	0	0	0	0	-0.75686276	-0.8509804	0.0	0.0	630	400	4	0
1193275	819	354	345	479	272	167	128	231	107	106	0	0	0	0	0	0	0	0	0	0	0	0	0	0	0	0	-0.6862745	-0.79607844	0.0	0.0	630	400	5	0
1193304	412	372	345	479	272	167	128	231	107	106	0	0	0	0	0	0	0	0	0	0	0	0	0	0	0	0	-0.4588235	-0.56078434	0.0	0.0	630	400	5	0
1193341	910	181	345	479	272	167	128	231	107	106	0	0	0	0	0	0	0	0	0	0	0	0	0	0	0	0	-0.30196077	-0.41176468	0.0	0.0	630	400	5	0
1193375	430	719	345	479	272	167	128	231	107	106	0	0	0	0	0	0	0	0	0	0	0	0	0	0	0	0	-0.15294117	-0.29411763	0.0	0.0	630	400	7	0
1193608	1167	160	133	235	212	213	128	231	107	106	0	0	0	0	0	0	1	0	0	0	0	0	0	0	0	0	0.0	0.0	0.0	0.0	630	400	0	0
1193641	1014	400	204	454	165	235	108	12	154	106	0	0	0	0	0	0	1	0	0	0	0	0	0	0	0	0	0.0	0.0	0.0	0.0	630	400	0	0
1193674	358	399	441	254	135	290	185	160	0	106	0	0	0	0	0	0	1	0	0	0	0	0	0	0	0	0	0.0	0.0	0.0	0.0	630	400	0	0
1193773	847	322	441	254	135	290	92	139	239	106	0	0	0	0	0	0	0	0	0	0	0	0	0	0	0	0	0.35686278	0.0	0.0	0.0	630	400	17	0
1193807	628	30	441	254	135	290	92	139	239	106	0	0	0	0	0	0	0	0	0	0	0	0	0	0	0	0	0.56078434	0.20784318	-0.20784312	-0.23137254	630	400	17	1
1193840	709	376	441	254	135	290	92	139	239	106	0	0	0	0	0	0	0	0	0	0	0	0	0	0	0	0	0.6784314	0.24705887	-0.34117645	-0.3960784	630	400	21	2
1193873	589	505	441	254	135	290	92	139	239	106	0	0	0	0	0	0	0	0	0	0	0	0	0	0	0	0	0.7647059	0.26274514	-0.38823527	-0.4352941	630	400	25	2
1193907	651	527	441	254	135	290	92	139	239	106	0	0	0	0	0	0	0	0	0	0	0	0	0	0	0	0	0.8509804	0.0	-0.40392154	-0.45098037	630	400	42	2
1193941	583	470	441	254	135	290	92	139	239	106	0	0	0	0	0	0	0	0	0	0	0	0	0	0	0	0	0.69411767	0.0	-0.40392154	-0.45098037	630	400	34	2
1193973	399	196	441	254	135	290	92	139	239	106	0	0	0	0	0	0	0	0	0	0	0	0	0	0	0	0	0.58431375	-0.20784312	-0.40392154	-0.45098037	630	400	39	2
1194007	517	559	441	254	135	290	92	139	239	106	0	0	0	0	0	0	0	0	0	0	0	0	0	0	0	0	0.52156866	-0.32549018	-0.41176468	-0.45098037	630	400	42	1
1194041	811	646	441	254	135	290	92	139	239	106	0	0	0	0	0	0	0	0	0	0	0	0	0	0	0	0	0.4039216	-0.36470586	-0.41176468	-0.4588235	630	400	38	2
1194073	504	538	441	254	135	290	92	139	239	106	0	0	0	0	0	0	0	0	0	0	0	0	0	0	0	0	0.2313726	-0.41960782	-0.32549018	-0.372549	630	400	32	2
1194106	687	672	441	254	135	290	92	139	239	106	0	0	0	0	0	0	0	0	0	0	0	0	0	0	0	0	0.0	-0.45098037	0.0	-0.16862744	630	400	22	8
1194140	631	13	441	254	135	290	92	139	239	106	0	0	0	0	0	0	0	0	0	0	0	0	0	0	0	0	0.0	-0.5294118	0.0	0.0	630	400	26	0
1194173	679	192	441	254	135	290	92	139	239	106	0	0	0	0	0	0	0	0	0	0	0	0	0	0	0	0	-0.17647058	-0.7019608	0.0	0.0	630	400	26	0
1194206	629	237	441	254	135	290	92	139	239	106	0	0	0	0	0	0	0	0	0	0	0	0	0	0	0	0	-0.3960784	-0.8117647	0.19215691	0.0	630	400	20	9
1194240	531	35	441	254	135	290	92	139	239	106	0	0	0	0	0	0	0	0	0	0	0	0	0	0	0	0	-0.62352943	-0.827451	0.2941177	0.0	630	400	10	14
1194273	757	377	441	254	135	290	92	139	239	106	0	0	0	0	0	0	0	0	0	0	0	0	0	0	0	0	-0.9843137	-0.84313726	0.41960788	0.15294123	630	400	-8	13
1194307	734	149	441	254	135	290	92	139	239	106	0	0	0	0	0	0	0	0	0	0	0	0	0	0	0	0	-1.0	-0.8117647	0.5372549	0.1686275	630	400	-10	18
1194340	492	217	441	254	135	290	92	139	239	106	0	0	0	0	0	0	0	0	0	0	0	0	0	0	0	0	-1.0	-0.70980394	0.6392157	0.1686275	630	400	-15	23
1194373	567	634	441	254	135	290	92	139	239	106	0	0	0	0	0	0	0	0	0	0	0	0	0	0	0	0	-1.0	-0.4352941	0.77254903	0.0	630	400	-29	38
1194408	762	-453	441	254	135	290	92	139	239	106	0	0	0	0	0	0	0	0	0	0	0	0	0	0	0	0	-1.0	-0.2235294	0.77254903	-0.23137254	630	400	-39	50
1194439	664	162	441	254	135	290	92	139	239	106	0	0	0	0	0	0	0	0	0	0	0	0	0	0	0	0	-1.0	0.0	0.5372549	-0.4823529	630	400	-50	50
1194472	461	298	441	254	135	290	92	139	239	106	0	0	0	0	0	0	0	0	0	0	0	0	0	0	0	0	-0.8666667	0.0	0.41176474	-0.6	630	400	-44	50
1194506	684	529	441	254	135	290	92	139	239	106	0	0	0	0	0	0	0	0	0	0	0	0	0	0	0	0	-0.5764706	0.0	0.19215691	-0.6862745	630	400	-29	43
1194541	631	336	441	254	135	290	92	139	239	106	0	0	0	0	0	0	0	0	0	0	0	0	0	0	0	0	-0.26274508	0.16078436	0.0	-0.7019608	630	400	-22	35
1194572	861	-133	441	254	135	290	92	139	239	106	0	0	0	0	0	0	0	0	0	0	0	0	0	0	0	0	0.0	0.0	0.0	-0.7019608	630	400	0	35
1194605	698	589	441	254	135	290	92	139	239	106	0	0	0	0	0	0	0	0	0	0	0	0	0	0	0	0	0.0	0.0	-0.19215685	-0.67058825	630	400	0	23
1194639	553	39	441	254	135	290	92	139	239	106	0	0	0	0	0	0	0	0	0	0	0	0	0	0	0	0	0.0	0.0	-0.34117645	-0.67058825	630	400	0	16
1194672	695	-129	441	254	135	290	92	139	239	106	0	0	0	0	0	0	0	0	0	0	0	0	0	0	0	0	0.0	0.0	-0.4352941	-0.6627451	630	400	0	11
1194705	762	328	441	254	135	290	92	139	239	106	0	0	0	0	0	0	0	0	0	0	0	0	0	0	0	0	0.20000005	0.0	-0.5372549	-0.69411767	630	400	10	7
1194739	530	197	441	254	135	290	92	139	239	106	0	0	0	0	0	0	0	0	0	0	0	0	0	0	0	0	0.38823533	0.0	-0.7254902	-0.7019608	630	400	19	-2
1194772	703	785	441	254	135	290	92	139	239	106	0	0	0	0	0	0	0	0	0	0	0	0	0	0	0	0	0.5686275	0.0	-0.85882354	-0.7019608	630	400	28	-8
1194806	382	574	441	254	135	290	92	139	239	106	0	0	0	0	0	0	0	0	0	0	0	0	0	0	0	0	0.90588236	0.0	-0.99215686	-0.7019608	630	400	45	-15
1194839	1011	582	441	254	135	290	92	139	239	106	0	0	0	0	0	0	0	0	0	0	0	0	0	0	0	0	1.0	0.0	-0.99215686	-0.7019608	630	400	50	-15
1194876	499	30	441	254	135	290	92	139	239	106	0	0	0	0	0	0	0	0	0	0	0	0	0	0	0	0	1.0	0.0	-0.99215686	-0.7019608	630	400	50	-15
1194905	602	15	441	254	135	290	92	139	239	106	0	0	0	0	0	0	0	0	0	0	0	0	0	0	0	0	1.0	0.0	-0.99215686	-0.7019608	630	400	50	-15
1194939	658	153	441	254	135	290	92	139	239	106	0	0	0	0	0	0	0	0	0	0	0	0	0	0	0	0	1.0	0.0	-0.99215686	-0.7019608	630	400	50	-15
1194972	615	626	441	254	135	290	92	139	239	106	0	0	0	0	0	0	0	0	0	0	0	0	0	0	0	0	1.0	-0.18431371	-0.99215686	-0.7019608	630	400	59	-15
1195004	523	-52	441	254	135	290	92	139	239	106	0	0	0	0	0	0	0	0	0	0	0	0	0	0	0	0	0.7490196	-0.35686272	-0.8509804	-0.7019608	630	400	55	-8
1195042	498	857	441	254	135	290	92	139	239	106	0	0	0	0	0	0	0	0	0	0	0	0	0	0	0	0	0.30980396	-0.41176468	-0.20784312	-0.5686275	630	400	36	18
1195070	784	-123	441	254	135	290	92	139	239	106	0	0	0	0	0	0	0	0	0	0	0	0	0	0	0	0	0.0	-0.38039213	0.0	-0.19215685	630	400	19	9
1195104	444	666	441	254	135	290	92	139	239	106	0	0	0	0	0	0	0	0	0	0	0	0	0	0	0	0	0.0	-0.38039213	0.1686275	0.0	630	400	19	8
1195137	599	237	441	254	135	290	92	139	239	106	0	0	0	0	0	0	0	0	0	0	0	0	0	0	0	0	0.0	-0.44313723	0.43529415	0.0	630	400	22	21
1195171	736	124	441	254	135	290	92	139	239	106	0	0	0	0	0	0	0	0	0	0	0	0	0	0	0	0	-0.30196077	-0.73333335	0.5529412	0.21568632	630	400	21	16
1195205	577	789	441	254	135	290	92	139	239	106	0	0	0	0	0	0	0	0	0	0	0	0	0	0	0	0	-0.5764706	-0.96862745	0.6627451	0.5058824	630	400	19	7
1195244	873	217	441	254	135	290	92	139	239	106	0	0	0	0	0	0	0	0	0	0	0	0	0	0	0	0	-0.70980394	-1.0	0.78039217	0.654902	630	400	14	6
1195273	737	420	441	254	135	290	92	139	239	106	0	0	0	0	0	0	0	0	0	0	0	0	0	0	0	0	-0.8745098	-1.0	0.8980392	0.7176471	630	400	6	9
1195304	584	497	441	254	135	290	92	139	239	106	0	0	0	0	0	0	0	0	0	0	0	0	0	0	0	0	-1.0	-0.8509804	1.0	0.7176471	630	400	-8	14
1195338	777	523	441	254	135	290	92	139	239	106	0	0	0	0	0	0	0	0	0	0	0	0	0	0	0	0	-1.0	-0.52156866	1.0	0.5921569	630	400	-24	20
1195371	609	577	441	254	135	290	92	139	239	106	0	0	0	0	0	0	0	0	0	0	0	0	0	0	0	0	-0.84313726	-0.21568626	0.92156863	0.0	630	400	-32	46
1195405	560	465	441	254	135	290	92	139	239	106	0	0	0	0	0	0	0	0	0	0	0	0	0	0	0	0	-0.5372549	0.0	0.27843142	-0.19215685	630	400	-27	23
1195440	721	378	441	254	135	290	92	139	239	106	0	0	0	0	0	0	0	0	0	0	0	0	0	0	0	0	0.0	0.0	0.0	-0.2235294	630	400	0	11
1195471	541	274	441	254	135	290	92	139	239	106	0	0	0	0	0	0	0	0	0	0	0	0	0	0	0	0	0.0	0.0	0.0	-0.2235294	630	400	0	11
1195503	787	485	441	254	135	290	92	139	239	106	0	0	0	0	0	0	0	0	0	0	0	0	0	0	0	0	0.0	0.0	0.0	-0.2235294	630	400	0	11
1195642	808	801	378	230	329	93	92	139	239	106	0	0	0	0	0	0	1	0	0	0	0	0	0	0	0	0	0.0	0.0	0.0	0.0	630	400	0	0
1195676	342	261	393	245	151	71	132	154	207	106	0	0	0	0	0	0	1	0	0	0	0	0	0	0	0	0	0.0	0.0	0.0	0.0	630	400	0	0
1195708	983	357	264	324	269	35	45	217	237	106	0	0	0	0	0	0	1	0	0	0	0	0	0	0	0	0	0.0	0.0	0.0	0.0	630	400	0	0
1195805	518	378	264	324	269	35	166	176	55	106	0	0	0	0	0	0	0	0	0	0	0	0	0	0	0	0	0.0	0.0	0.0	-0.15294117	630	400	0	7
1195837	352	367	264	324	269	35	166	176	55	106	0	0	0	0	0	0	0	0	0	0	0	0	0	0	0	0	0.0	0.0	0.0	-0.26274508	630	400	0	13
1195871	564	366	264	324	269	35	166	176	55	106	0	0	0	0	0	0	0	0	0	0	0	0	0	0	0	0	0.4431373	0.37254906	-0.29411763	-0.5294118	630	400	3	11
1195909	185	389	264	324	269	35	166	176	55	106	0	0	0	0	0	0	0	0	0	0	0	0	0	0	0	0	0.6156863	0.6156863	-0.4352941	-0.88235295	630	400	0	22
1195942	647	400	264	324	269	35	166	176	55	106	0	0	0	0	0	0	0	0	0	0	0	0	0	0	0	0	0.7490196	0.7647059	-0.5058824	-1.0	630	400	-1	24
1195976	918	410	264	324	269	35	166	176	55	106	0	0	0	0	0	0	0	0	0	0	0	0	0	0	0	0	0.77254903	0.8039216	-0.54509807	-1.0	630	400	-2	22
1196010	729	386	264	324	269	35	166	176	55	106	0	0	0	0	0	0	0	0	0	0	0	0	0	0	0	0	0.7882353	0.78039217	-0.54509807	-1.0	630	400	0	22
1196043	611	456	264	324	269	35	166	176	55	106	0	0	0	0	0	0	0	0	0	0	0	0	0	0	0	0	0.52156866	0.26274514	-0.36470586	-0.7019608	630	400	12	16
1196075	237	434	264	324	269	35	166	176	55	106	0	0	0	0	0	0	0	0	0	0	0	0	0	0	0	0	0.3176471	0.0	-0.23921567	-0.30196077	630	400	15	3
1196109	922	406	264	324	269	35	166	176	55	106	0	0	0	0	0	0	0	0	0	0	0	0	0	0	0	0	0.22352946	-0.1607843	0.0	0.0	630	400	19	0
1196141	886	352	264	324	269	35	166	176	55	106	0	0	0	0	0	0	0	0	0	0	0	0	0	0	0	0	0.15294123	-0.21568626	0.0	0.0	630	400	18	0
1196173	644	385	264	324	269	35	166	176	55	106	0	0	0	0	0	0	0	0	0	0	0	0	0	0	0	0	0.0	-0.26274508	0.0	0.0	630	400	13	0
1196205	996	373	264	324	269	35	166	176	55	106	0	0	0	0	0	0	0	0	0	0	0	0	0	0	0	0	0.0	-0.27843136	0.0	0.0	630	400	13	0
1196239	658	400	264	324	269	35	166	176	55	106	0	0	0	0	0	0	0	0	0	0	0	0	0	0	0	0	0.0	-0.38823527	0.23921573	0.0	630	400	19	11
1196276	580	398	264	324	269	35	166	176	55	106	0	0	0	0	0	0	0	0	0	0	0	0	0	0	0	0	0.0	-0.6784314	0.41960788	0.36470592	630	400	33	2
1196310	882	392	264	324	269	35	166	176	55	106	0	0	0	0	0	0	0	0	0	0	0	0	0	0	0	0	0.0	-0.9137255	0.5137255	0.6	630	400	45	-5
1196341	375	405	264	324	269	35	166	176	55	106	0	0	0	0	0	0	0	0	0	0	0	0	0	0	0	0	0.0	-1.0	0.5529412	0.7411765	630	400	50	-10
1196372	583	419	264	324	269	35	166	176	55	106	0	0	0	0	0	0	0	0	0	0	0	0	0	0	0	0	0.0	-1.0	0.5529412	0.8039216	630	400	50	-13
1196408	788	429	264	324	269	35	166	176	55	106	0	0	0	0	0	0	0	0	0	0	0	0	0	0	0	0	0.0	-1.0	0.41176474	0.81960785	630	400	50	-21
1196442	1359	390	264	324	269	35	166	176	55	106	0	0	0	0	0	0	0	0	0	0	0	0	0	0	0	0	0.0	-1.0	0.23921573	0.7647059	630	400	50	-27
1196475	722	382	264	324	269	35	166	176	55	106	0	0	0	0	0	0	0	0	0	0	0	0	0	0	0	0	0.0	-1.0	0.15294123	0.7411765	630	400	50	-30
1196507	640	449	264	324	269	35	166	176	55	106	0	0	0	0	0	0	0	0	0	0	0	0	0	0	0	0	0.22352946	-0.9607843	0.0	0.45098042	630	400	59	-23
1196541	122	385	264	324	269	35	166	176	55	106	0	0	0	0	0	0	0	0	0	0	0	0	0	0	0	0	0.3176471	-0.79607844	0.0	0.0	630	400	55	0
1196573	513	415	264	324	269	35	166	176	55	106	0	0	0	0	0	0	0	0	0	0	0	0	0	0	0	0	0.4431373	-0.47450978	-0.21568626	0.0	630	400	45	-11
1196605	1155	397	264	324	269	35	166	176	55	106	0	0	0	0	0	0	0	0	0	0	0	0	0	0	0	0	0.49803925	-0.38039213	-0.38823527	-0.15294117	630	400	43	-12
1196641	360	389	264	324	269	35	166	176	55	106	0	0	0	0	0	0	0	0	0	0	0	0	0	0	0	0	0.5921569	-0.19215685	-0.654902	-0.27843136	630	400	39	-19
1196675	400	361	264	324	269	35	166	176	55	106	0	0	0	0	0	0	0	0	0	0	0	0	0	0	0	0	0.7176471	0.0	-0.8352941	-0.36470586	630	400	35	-24
1196708	804	345	264	324	269	35	166	176	55	106	0	0	0	0	0	0	0	0	0	0	0	0	0	0	0	0	0.8352941	0.0	-0.9137255	-0.4823529	630	400	41	-22
1196741	822	463	264	324	269	35	166	176	55	106	0	0	0	0	0	0	0	0	0	0	0	0	0	0	0	0	0.9764706	0.0	-0.94509804	-0.67058825	630	400	48	-14
1196775	325	338	264	324	269	35	166	176	55	106	0	0	0	0	0	0	0	0	0	0	0	0	0	0	0	0	1.0	0.20784318	-0.94509804	-0.8666667	630	400	39	-4
1196809	421	412	264	324	269	35	166	176	55	106	0	0	0	0	0	0	0	0	0	0	0	0	0	0	0	0	1.0	0.34901965	-0.94509804	-0.9607843	630	400	32	0
1196842	478	422	264	324	269	35	166	176	55	106	0	0	0	0	0	0	0	0	0	0	0	0	0	0	0	0	0.654902	0.37254906	-0.8745098	-0.9843137	630	400	14	5
1196875	328	415	264	324	269	35	166	176	55	106	0	0	0	0	0	0	0	0	0	0	0	0	0	0	0	0	0.427451	0.20784318	-0.6392157	-0.99215686	630	400	10	17
1196908	136	411	264	324	269	35	166	176	55	106	0	0	0	0	0	0	0	0	0	0	0	0	0	0	0	0	0.0	0.0	-0.41176468	-0.94509804	630	400	0	26
1196940	165	436	365	127	141	72	166	176	55	106	0	0	0	0	0	0	1	0	0	0	0	0	0	0	0	0	0.0	0.0	-0.30196077	-0.5686275	630	400	0	13
1196974	557	247	339	117	343	250	172	227	240	106	0	0	0	0	0	0	1	0	0	0	0	0	0	0	0	0	0.0	0.0	0.0	0.0	630	400	0	0
1197007	992	-29	267	71	168	236	41	229	144	106	0	0	0	0	0	0	1	0	0	0	0	0	0	0	0	0	0.0	0.0	0.0	0.0	630	400	0	0
1197240	467	277	267	71	168	236	149	249	62	106	0	0	0	0	0	0	0	0	0	0	0	0	0	0	0	0	0.26274514	0.20784318	-0.23137254	-0.23137254	630	400	2	0
1197275	583	741	267	71	168	236	149	249	62	106	0	0	0	0	0	0	0	0	0	0	0	0	0	0	0	0	0.4039216	0.43529415	-0.45098037	-0.6156863	630	400	-2	8
1197307	652	319	267	71	168	236	149	249	62	106	0	0	0	0	0	0	0	0	0	0	0	0	0	0	0	0	0.5686275	0.7254902	-0.67058825	-0.7882353	630	400	-8	5
1197339	617	521	267	71	168	236	149	249	62	106	0	0	0	0	0	0	0	0	0	0	0	0	0	0	0	0	0.7176471	0.8745098	-0.7490196	-0.92941177	630	400	-8	9
1197373	693	419	267	71	168	236	149	249	62	106	0	0	0	0	0	0	0	0	0	0	0	0	0	0	0	0	0.8509804	0.92941177	-0.8039216	-0.96862745	630	400	-4	8
1197406	694	-123	267	71	168	236	149	249	62	106	0	0	0	0	0	0	0	0	0	0	0	0	0	0	0	0	0.90588236	0.92941177	-0.8117647	-0.9843137	630	400	-2	8
1197440	567	198	267	71	168	236	149	249	62	106	0	0	0	0	0	0	0	0	0	0	0	0	0	0	0	0	0.90588236	0.84313726	-0.8117647	-0.9843137	630	400	3	8
1197473	567	382	267	71	168	236	149	249	62	106	0	0	0	0	0	0	0	0	0	0	0	0	0	0	0	0	0.6156863	0.37254906	-0.67058825	-0.81960785	630	400	12	7
1197506	692	396	267	71	168	236	149	249	62	106	0	0	0	0	0	0	0	0	0	0	0	0	0	0	0	0	0.20000005	0.0	-0.3490196	-0.3490196	630	400	10	0
1197572	894	629	267	71	168	236	149	249	62	106	0	0	0	0	0	0	0	0	0	0	0	0	0	0	0	0	0.0	-0.19215685	0.0	0.0	630	400	9	0
1197606	463	485	267	71	168	236	149	249	62	106	0	0	0	0	0	0	0	0	0	0	0	0	0	0	0	0	0.0	-0.27843136	0.0	0.17647064	630	400	13	-9
1197639	425	253	267	71	168	236	149	249	62	106	0	0	0	0	0	0	0	0	0	0	0	0	0	0	0	0	0.0	-0.38039213	0.19215691	0.30196083	630	400	19	-6
1197672	551	466	267	71	168	236	149	249	62	106	0	0	0	0	0	0	0	0	0	0	0	0	0	0	0	0	0.0	-0.5372549	0.34901965	0.4666667	630	400	26	-6
1197706	1023	794	267	71	168	236	149	249	62	106	0	0	0	0	0	0	0	0	0	0	0	0	0	0	0	0	-0.25490195	-0.827451	0.45882356	0.6392157	630	400	28	-10
1197741	470	580	267	71	168	236	149	249	62	106	0	0	0	0	0	0	0	0	0	0	0	0	0	0	0	0	-0.372549	-0.9607843	0.5372549	0.7411765	630	400	29	-11
1197773	768	745	267	71	168	236	149	249	62	106	0	0	0	0	0	0	0	0	0	0	0	0	0	0	0	0	-0.4352941	-0.99215686	0.5372549	0.75686276	630	400	27	-11
1197805	706	500	267	71	168	236	149	249	62	106	0	0	0	0	0	0	0	0	0	0	0	0	0	0	0	0	-0.4352941	-0.88235295	0.4901961	0.69411767	630	400	22	-11
1197838	537	314	267	71	168	236	149	249	62	106	0	0	0	0	0	0	0	0	0	0	0	0	0	0	0	0	-0.17647058	-0.58431375	0.20000005	0.32549024	630	400	20	-7
1197871	388	898	267	71	168	236	149	249	62	106	0	0	0	0	0	0	0	0	0	0	0	0	0	0	0	0	0.0	-0.1607843	0.0	0.0	630	400	8	0
1197972	359	304	267	71	168	236	149	249	62	106	0	0	0	0	0	0	0	0	0	0	0	0	0	0	0	0	0.0	0.0	-0.25490195	-0.26274508	630	400	0	0
1198005	528	663	267	71	168	236	149	249	62	106	0	0	0	0	0	0	0	0	0	0	0	0	0	0	0	0	0.20000005	0.0	-0.30196077	-0.372549	630	400	10	3
1198038	648	396	267	71	168	236	149	249	62	106	0	0	0	0	0	0	0	0	0	0	0	0	0	0	0	0	0.3803922	-0.17647058	-0.32549018	-0.45098037	630	400	27	6
1198071	533	437	267	71	168	236	149	249	62	106	0	0	0	0	0	0	0	0	0	0	0	0	0	0	0	0	0.4431373	-0.24705881	-0.36470586	-0.5529412	630	400	34	9
1198108	532	187	267	71	168	236	149	249	62	106	0	0	0	0	0	0	0	0	0	0	0	0	0	0	0	0	0.4431373	-0.32549018	-0.372549	-0.58431375	630	400	38	10
1198142	690	341	267	71	168	236	149	249	62	106	0	0	0	0	0	0	0	0	0	0	0	0	0	0	0	0	0.4431373	-0.36470586	-0.3490196	-0.6	630	400	40	12
1198171	503	626	267	71	168	236	149	249	62	106	0	0	0	0	0	0	0	0	0	0	0	0	0	0	0	0	0.36470592	-0.3960784	-0.23921567	-0.60784316	630	400	38	18
1198209	763	285	267	71	168	236	149	249	62	106	0	0	0	0	0	0	0	0	0	0	0	0	0	0	0	0	0.26274514	-0.41176468	0.0	-0.34117645	630	400	33	17
1198237	414	574	267	71	168	236	149	249	62	106	0	0	0	0	0	0	0	0	0	0	0	0	0	0	0	0	0.20000005	-0.47450978	0.0	0.0	630	400	33	0
1198273	477	574	267	71	168	236	149	249	62	106	0	0	0	0	0	0	0	0	0	0	0	0	0	0	0	0	0.18431377	-0.7254902	0.0	0.0	630	400	45	0
1198304	575	337	267	71	168	236	149	249	62	106	0	0	0	0	0	0	0	0	0	0	0	0	0	0	0	0	0.17647064	-0.81960785	0.0	0.0	630	400	49	0
1198341	556	160	267	71	168	236	149	249	62	106	0	0	0	0	0	0	0	0	0	0	0	0	0	0	0	0	0.17647064	-0.84313726	0.0	0.0	630	400	50	0
1198371	986	479	267	71	168	236	149	249	62	106	0	0	0	0	0	0	0	0	0	0	0	0	0	0	0	0	0.17647064	-0.81960785	0.0	0.15294123	630	400	49	-8
1198407	749	386	267	71	168	236	149	249	62	106	0	0	0	0	0	0	0	0	0	0	0	0	0	0	0	0	0.17647064	-0.7882353	0.19215691	0.32549024	630	400	48	-7
1198442	710	268	267	71	168	236	149	249	62	106	0	0	0	0	0	0	0	0	0	0	0	0	0	0	0	0	0.27058828	-0.7019608	0.37254906	0.6156863	630	400	48	-13
1198473	926	414	267	71	168	236	149	249	62	106	0	0	0	0	0	0	0	0	0	0	0	0	0	0	0	0	0.27058828	-0.52156866	0.41960788	0.7647059	630	400	39	-18
1198507	597	354	267	71	168	236	149	249	62	106	0	0	0	0	0	0	0	0	0	0	0	0	0	0	0	0	0.27058828	-0.5058824	0.48235297	1.0	630	400	38	-26
1198539	500	390	267	71	168	236	149	249	62	106	0	0	0	0	0	0	0	0	0	0	0	0	0	0	0	0	0.27058828	-0.5058824	0.5058824	1.0	630	400	38	-25
1198576	596	350	267	71	168	236	149	249	62	106	0	0	0	0	0	0	0	0	0	0	0	0	0	0	0	0	0.20000005	-0.46666664	0.48235297	1.0	630	400	33	-26
1198605	459	143	267	71	168	236	149	249	62	106	0	0	0	0	0	0	0	0	0	0	0	0	0	0	0	0	0.17647064	-0.26274508	0.24705887	0.81960785	630	400	21	-29
1198641	625	436	267	71	168	236	149	249	62	106	0	0	0	0	0	0	0	0	0	0	0	0	0	0	0	0	0.0	0.0	0.0	0.19215691	630	400	0	-10
1198808	721	369	267	71	168	236	149	249	62	106	0	0	0	0	0	0	0	0	0	0	0	0	0	0	0	0	0.0	0.0	0.0	-0.2862745	630	400	0	14
1198838	844	532	267	71	168	236	149	249	62	106	0	0	0	0	0	0	0	0	0	0	0	0	0	0	0	0	0.0	0.0	-0.16862744	-0.5686275	630	400	0	20
1198871	785	286	267	71	168	236	149	249	62	106	0	0	0	0	0	0	0	0	0	0	0	0	0	0	0	0	0.0	0.0	-0.23137254	-0.99215686	630	400	0	38
1198909	724	611	267	71	168	236	149	249	62	106	0	0	0	0	0	0	0	0	0	0	0	0	0	0	0	0	0.35686278	0.24705887	-0.32549018	-1.0	630	400	5	33
1198938	700	344	267	71	168	236	149	249	62	106	0	0	0	0	0	0	0	0	0	0	0	0	0	0	0	0	0.4431373	0.37254906	-0.38823527	-1.0	630	400	3	30
1198971	854	397	267	71	168	236	149	249	62	106	0	0	0	0	0	0	0	0	0	0	0	0	0	0	0	0	0.4431373	0.47450984	-0.41176468	-1.0	630	400	-2	29
1199005	624	366	267	71	168	236	149	249	62	106	0	0	0	0	0	0	0	0	0	0	0	0	0	0	0	0	0.41176474	0.5137255	-0.41176468	-1.0	630	400	-6	29
1199041	503	-11	267	71	168	236	149	249	62	106	0	0	0	0	0	0	0	0	0	0	0	0	0	0	0	0	0.30980396	0.45882356	-0.38823527	-1.0	630	400	-8	30
1199073	394	55	267	71	168	236	149	249	62	106	0	0	0	0	0	0	0	0	0	0	0	0	0	0	0	0	0.0	0.16078436	-0.3490196	-1.0	630	400	-9	32
1199106	514	366	267	71	168	236	149	249	62	106	0	0	0	0	0	0	0	0	0	0	0	0	0	0	0	0	0.0	0.0	-0.27058822	-0.7019608	630	400	0	21
1199205	776	554	267	71	168	236	149	249	62	106	0	0	0	0	0	0	0	0	0	0	0	0	0	0	0	0	0.0	-0.19215685	0.0	0.254902	630	400	9	-13
1199241	249	743	267	71	168	236	149	249	62	106	0	0	0	0	0	0	0	0	0	0	0	0	0	0	0	0	0.0	-0.3098039	0.24705887	0.41960788	630	400	15	-9
1199272	647	345	267	71	168	236	149	249	62	106	0	0	0	0	0	0	0	0	0	0	0	0	0	0	0	0	0.0	-0.41960782	0.36470592	0.6	630	400	20	-12
1199305	615	339	267	71	168	236	149	249	62	106	0	0	0	0	0	0	0	0	0	0	0	0	0	0	0	0	0.15294123	-0.56078434	0.41176474	0.75686276	630	400	35	-18
1199338	363	147	267	71	168	236	149	249	62	106	0	0	0	0	0	0	0	0	0	0	0	0	0	0	0	0	0.16078436	-0.5921569	0.41960788	0.81960785	630	400	37	-20
1199373	730	501	267	71	168	236	149	249	62	106	0	0	0	0	0	0	0	0	0	0	0	0	0	0	0	0	0.0	-0.56078434	0.41960788	0.81960785	630	400	28	-20
1199409	684	7	267	71	168	236	149	249	62	106	0	0	0	0	0	0	0	0	0	0	0	0	0	0	0	0	0.0	-0.36470586	0.20000005	0.17647064	630	400	18	1
1199542	657	7	279	418	337	50	149	249	62	106	0	0	0	0	0	0	1	0	0	0	0	0	0	0	0	0	0.0	0.0	0.0	0.0	630	400	0	0
1199572	770	427	405	101	73	146	119	170	136	106	0	0	0	0	0	0	1	0	0	0	0	0	0	0	0	0	0.0	0.0	0.0	0.0	630	400	0	0
1199605	724	373	5	411	264	251	39	90	26	106	0	0	0	0	0	0	1	0	0	0	0	0	0	0	0	0	0.0	0.0	0.0	0.0	630	400	0	0
1199638	880	528	267	174	381	102	32	81	20	106	0	0	0	0	0	0	1	0	0	0	0	0	0	0	0	0	0.0	0.0	0.0	0.0	630	400	0	0
1199673	1143	491	430	262	288	139	20	95	67	106	0	0	0	0	0	0	1	0	0	0	0	0	0	0	0	0	0.0	0.0	0.0	0.0	630	400	0	0
1199771	676	352	430	262	288	139	166	27	219	106	0	0	0	0	0	0	0	0	0	0	0	0	0	0	0	0	0.22352946	0.0	0.0	-0.19999999	630	400	11	9
1199805	231	641	430	262	288	139	166	27	219	106	0	0	0	0	0	0	0	0	0	0	0	0	0	0	0	0	0.3411765	0.0	-0.19215685	-0.3333333	630	400	17	7
1199838	416	405	430	262	288	139	166	27	219	106	0	0	0	0	0	0	0	0	0	0	0	0	0	0	0	0	0.4666667	0.2941177	-0.30196077	-0.5137255	630	400	8	10
1199872	702	425	430	262	288	139	166	27	219	106	0	0	0	0	0	0	0	0	0	0	0	0	0	0	0	0	0.54509807	0.39607847	-0.36470586	-0.7254902	630	400	7	18
1199910	680	222	430	262	288	139	166	27	219	106	0	0	0	0	0	0	0	0	0	0	0	0	0	0	0	0	0.58431375	0.43529415	-0.36470586	-0.79607844	630	400	7	21
1199943	905	385	430	262	288	139	166	27	219	106	0	0	0	0	0	0	0	0	0	0	0	0	0	0	0	0	0.6313726	0.43529415	-0.36470586	-0.8352941	630	400	9	23
1199973	292	521	430	262	288	139	166	27	219	106	0	0	0	0	0	0	0	0	0	0	0	0	0	0	0	0	0.64705884	0.41960788	-0.36470586	-0.84313726	630	400	11	23
1200009	873	429	430	262	288	139	166	27	219	106	0	0	0	0	0	0	0	0	0	0	0	0	0	0	0	0	0.60784316	0.20784318	-0.32549018	-0.84313726	630	400	19	25
1200043	625	769	430	262	288	139	166	27	219	106	0	0	0	0	0	0	0	0	0	0	0	0	0	0	0	0	0.45098042	0.0	-0.27843136	-0.84313726	630	400	22	28
1200075	1275	477	430	262	288	139	166	27	219	106	0	0	0	0	0	0	0	0	0	0	0	0	0	0	0	0	0.3411765	-0.32549018	-0.1607843	-0.64705884	630	400	33	24
1200108	754	425	430	262	288	139	166	27	219	106	0	0	0	0	0	0	0	0	0	0	0	0	0	0	0	0	0.28627455	-0.4823529	0.0	0.0	630	400	38	0
1200137	700	381	430	262	288	139	166	27	219	106	0	0	0	0	0	0	0	0	0	0	0	0	0	0	0	0	0.20000005	-0.7647059	0.0	0.0	630	400	48	0
1200175	901	308	430	262	288	139	166	27	219	106	0	0	0	0	0	0	0	0	0	0	0	0	0	0	0	0	0.0	-0.8745098	0.0	0.0	630	400	43	0
1200209	280	410	430	262	288	139	166	27	219	106	0	0	0	0	0	0	0	0	0	0	0	0	0	0	0	0	0.0	-0.9137255	0.0	0.0	630	400	45	0
1200242	497	301	430	262	288	139	166	27	219	106	0	0	0	0	0	0	0	0	0	0	0	0	0	0	0	0	0.0	-0.9372549	0.0	0.1686275	630	400	46	-9
1200276	414	451	430	262	288	139	166	27	219	106	0	0	0	0	0	0	0	0	0	0	0	0	0	0	0	0	-0.19215685	-0.99215686	0.1686275	0.26274514	630	400	40	-5
1200309	785	397	430	262	288	139	166	27	219	106	0	0	0	0	0	0	0	0	0	0	0	0	0	0	0	0	-0.26274508	-1.0	0.3176471	0.45098042	630	400	36	-7
1200341	-11	473	430	262	288	139	166	27	219	106	0	0	0	0	0	0	0	0	0	0	0	0	0	0	0	0	-0.2862745	-1.0	0.39607847	0.5764706	630	400	35	-10
1200376	897	557	430	262	288	139	166	27	219	106	0	0	0	0	0	0	0	0	0	0	0	0	0	0	0	0	-0.32549018	-1.0	0.38823533	0.5921569	630	400	33	-11
1200409	767	357	430	262	288	139	166	27	219	106	0	0	0	0	0	0	0	0	0	0	0	0	0	0	0	0	-0.26274508	-0.84313726	0.34901965	0.5529412	630	400	29	-11
1200442	601	403	430	262	288	139	166	27	219	106	0	0	0	0	0	0	0	0	0	0	0	0	0	0	0	0	0.0	-0.35686272	0.19215691	0.15294123	630	400	17	1
1200907	822	671	122	283	345	384	166	27	219	106	0	0	0	0	0	0	1	0	0	0	0	0	0	0	0	0	0.0	0.0	0.0	0.0	630	400	0	0
1200940	825	500	364	279	121	85	187	96	36	106	0	0	0	0	0	0	1	0	0	0	0	0	0	0	0	0	0.0	0.0	0.0	0.0	630	400	0	0
1200974	889	455	177	254	152	242	143	176	245	106	0	0	0	0	0	0	1	0	0	0	0	0	0	0	0	0	0.0	0.0	0.0	0.0	630	400	0	0
1201140	641	400	177	254	152	242	212	45	186	106	0	0	0	0	0	0	0	0	0	0	0	0	0	0	0	0	0.17647064	0.0	0.0	0.0	630	400	8	0
1201173	997	260	177	254	152	242	212	45	186	106	0	0	0	0	0	0	0	0	0	0	0	0	0	0	0	0	0.35686278	0.20784318	0.0	-0.3098039	630	400	7	15
1201210	750	242	177	254	152	242	212	45	186	106	0	0	0	0	0	0	0	0	0	0	0	0	0	0	0	0	0.45098042	0.34901965	-0.29411763	-0.6156863	630	400	5	16
1201239	769	896	177	254	152	242	212	45	186	106	0	0	0	0	0	0	0	0	0	0	0	0	0	0	0	0	0.49803925	0.41960788	-0.42745095	-0.7647059	630	400	3	16
1201273	552	674	177	254	152	242	212	45	186	106	0	0	0	0	0	0	0	0	0	0	0	0	0	0	0	0	0.49803925	0.43529415	-0.52156866	-0.8509804	630	400	3	16
1201306	644	598	177	254	152	242	212	45	186	106	0	0	0	0	0	0	0	0	0	0	0	0	0	0	0	0	0.49803925	0.41176474	-0.58431375	-0.8666667	630	400	4	14
1201340	543	199	177	254	152	242	212	45	186	106	0	0	0	0	0	0	0	0	0	0	0	0	0	0	0	0	0.49803925	0.0	-0.6156863	-0.8666667	630	400	24	12
1201373	863	150	177	254	152	242	212	45	186	106	0	0	0	0	0	0	0	0	0	0	0	0	0	0	0	0	0.3803922	-0.18431371	-0.654902	-0.8117647	630	400	28	7
1201406	484	588	177	254	152	242	212	45	186	106	0	0	0	0	0	0	0	0	0	0	0	0	0	0	0	0	0.2941177	-0.32549018	-0.7176471	-0.6862745	630	400	30	-2
1201439	432	592	177	254	152	242	212	45	186	106	0	0	0	0	0	0	0	0	0	0	0	0	0	0	0	0	0.15294123	-0.4352941	-0.6784314	-0.45098037	630	400	29	-12
1201472	487	364	177	254	152	242	212	45	186	106	0	0	0	0	0	0	0	0	0	0	0	0	0	0	0	0	0.0	-0.73333335	-0.38823527	-0.15294117	630	400	36	-12
1201506	659	78	177	254	152	242	212	45	186	106	0	0	0	0	0	0	0	0	0	0	0	0	0	0	0	0	-0.25490195	-1.0	0.0	0.0	630	400	37	0
1201539	667	86	177	254	152	242	212	45	186	106	0	0	0	0	0	0	0	0	0	0	0	0	0	0	0	0	-0.41960782	-1.0	0.0	0.0	630	400	29	0
1201572	872	549	177	254	152	242	212	45	186	106	0	0	0	0	0	0	0	0	0	0	0	0	0	0	0	0	-0.6862745	-1.0	0.0	0.2313726	630	400	15	-12
1201605	446	122	177	254	152	242	212	45	186	106	0	0	0	0	0	0	0	0	0	0	0	0	0	0	0	0	-0.92156863	-1.0	0.27843142	0.27843142	630	400	3	0
1201639	758	275	177	254	152	242	212	45	186	106	0	0	0	0	0	0	0	0	0	0	0	0	0	0	0	0	-1.0	-1.0	0.41960788	0.27843142	630	400	0	7
1201672	580	389	177	254	152	242	212	45	186	106	0	0	0	0	0	0	0	0	0	0	0	0	0	0	0	0	-1.0	-0.9607843	0.60784316	0.27843142	630	400	-2	16
1201704	465	355	177	254	152	242	212	45	186	106	0	0	0	0	0	0	0	0	0	0	0	0	0	0	0	0	-1.0	-0.81960785	0.79607844	0.2941177	630	400	-10	25
1201738	483	379	177	254	152	242	212	45	186	106	0	0	0	0	0	0	0	0	0	0	0	0	0	0	0	0	-1.0	-0.62352943	1.0	0.15294123	630	400	-19	42
1201771	623	84	177	254	152	242	212	45	186	106	0	0	0	0	0	0	0	0	0	0	0	0	0	0	0	0	-1.0	-0.29411763	1.0	0.0	630	400	-36	50
1201805	483	643	177	254	152	242	212	45	186	106	0	0	0	0	0	0	0	0	0	0	0	0	0	0	0	0	-1.0	-0.18431371	1.0	0.0	630	400	-41	50
1201838	739	265	177	254	152	242	212	45	186	106	0	0	0	0	0	0	0	0	0	0	0	0	0	0	0	0	-1.0	0.0	1.0	-0.24705881	630	400	-50	62
1201871	559	513	177	254	152	242	212	45	186	106	0	0	0	0	0	0	0	0	0	0	0	0	0	0	0	0	-0.81960785	0.0	0.6627451	-0.30196077	630	400	-41	48
1201908	742	832	177	254	152	242	212	45	186	106	0	0	0	0	0	0	0	0	0	0	0	0	0	0	0	0	-0.372549	0.0	0.0	-0.16862744	630	400	-19	8
1201941	500	739	177	254	152	242	212	45	186	106	0	0	0	0	0	0	0	0	0	0	0	0	0	0	0	0	0.0	0.0	0.0	-0.15294117	630	400	0	7
1202204	918	367	200	460	208	327	212	45	186	106	0	0	0	0	0	0	1	0	0	0	0	0	0	0	0	0	0.0	0.0	0.0	0.0	630	400	0	0
1202241	660	230	173	291	81	361	160	32	167	106	0	0	0	0	0	0	1	0	0	0	0	0	0	0	0	0	0.0	0.0	0.0	0.0	630	400	0	0
1202276	613	340	297	108	193	246	1	179	218	106	0	0	0	0	0	0	1	0	0	0	0	0	0	0	0	0	0.0	0.0	0.0	0.0	630	400	0	0
1202304	476	442	36	384	26	250	248	58	121	106	0	0	0	0	0	0	1	0	0	0	0	0	0	0	0	0	0.0	0.0	0.0	0.0	630	400	0	0
1203075	612	641	36	384	26	250	146	3	127	106	0	0	0	0	0	0	0	0	0	0	0	0	0	0	0	0	0.22352946	-0.27058822	0.0	0.0	630	400	24	0
1203105	660	623	36	384	26	250	146	3	127	106	0	0	0	0	0	0	0	0	0	0	0	0	0	0	0	0	0.4666667	-0.78039217	0.0	0.0	630	400	62	0
1203141	627	379	36	384	26	250	146	3	127	106	0	0	0	0	0	0	0	0	0	0	0	0	0	0	0	0	0.58431375	-0.8980392	0.0	0.0	630	400	74	0
1203173	640	531	36	384	26	250	146	3	127	106	0	0	0	0	0	0	0	0	0	0	0	0	0	0	0	0	0.6784314	-0.9137255	0.0	0.0	630	400	79	0
1203205	666	-46	36	384	26	250	146	3	127	106	0	0	0	0	0	0	0	0	0	0	0	0	0	0	0	0	0.6784314	-0.79607844	0.0	0.0	630	400	73	0
1203242	607	217	36	384	26	250	146	3	127	106	0	0	0	0	0	0	0	0	0	0	0	0	0	0	0	0	0.54509807	-0.5058824	0.254902	0.0	630	400	52	12
1203272	611	103	36	384	26	250	146	3	127	106	0	0	0	0	0	0	0	0	0	0	0	0	0	0	0	0	0.45098042	-0.3960784	0.39607847	0.0	630	400	42	19
1203305	637	142	36	384	26	250	146	3	127	106	0	0	0	0	0	0	0	0	0	0	0	0	0	0	0	0	0.2941177	-0.24705881	0.60784316	0.0	630	400	27	30
1203340	611	74	36	384	26	250	146	3	127	106	0	0	0	0	0	0	0	0	0	0	0	0	0	0	0	0	0.0	-0.27058822	0.9372549	0.0	630	400	13	46
1203375	587	490	36	384	26	250	146	3	127	106	0	0	0	0	0	0	0	0	0	0	0	0	0	0	0	0	-0.23137254	-0.35686272	1.0	0.0	630	400	6	50
1203409	645	472	36	384	26	250	146	3	127	106	0	0	0	0	0	0	0	0	0	0	0	0	0	0	0	0	-0.75686276	-0.46666664	1.0	0.0	630	400	-15	50
1203442	654	322	36	384	26	250	146	3	127	106	0	0	0	0	0	0	0	0	0	0	0	0	0	0	0	0	-1.0	-0.4823529	1.0	0.0	630	400	-26	50
1203475	621	891	36	384	26	250	146	3	127	106	0	0	0	0	0	0	0	0	0	0	0	0	0	0	0	0	-1.0	-0.4823529	1.0	0.0	630	400	-26	50
1203509	647	10	36	384	26	250	146	3	127	106	0	0	0	0	0	0	0	0	0	0	0	0	0	0	0	0	-1.0	-0.4823529	1.0	-0.2862745	630	400	-26	64
1203541	651	474	36	384	26	250	146	3	127	106	0	0	0	0	0	0	0	0	0	0	0	0	0	0	0	0	-1.0	-0.41176468	1.0	-0.41960782	630	400	-30	70
1203575	595	356	36	384	26	250	146	3	127	106	0	0	0	0	0	0	0	0	0	0	0	0	0	0	0	0	-1.0	-0.3098039	0.15294123	-0.27843136	630	400	-35	21
1203607	604	317	36	384	26	250	146	3	127	106	0	0	0	0	0	0	0	0	0	0	0	0	0	0	0	0	-1.0	-0.2235294	0.0	-0.19999999	630	400	-39	9
1203641	603	548	36	384	26	250	146	3	127	106	0	0	0	0	0	0	0	0	0	0	0	0	0	0	0	0	-0.8980392	-0.17647058	-0.21568626	-0.23137254	630	400	-37	0
1203674	606	284	36	384	26	250	146	3	127	106	0	0	0	0	0	0	0	0	0	0	0	0	0	0	0	0	-0.6156863	0.0	-0.45098037	-0.27843136	630	400	-31	-9
1203708	639	359	36	384	26	250	146	3	127	106	0	0	0	0	0	0	0	0	0	0	0	0	0	0	0	0	-0.25490195	0.0	-0.7176471	-0.31764704	630	400	-13	-21
1203741	609	180	36	384	26	250	146	3	127	106	0	0	0	0	0	0	0	0	0	0	0	0	0	0	0	0	0.0	0.0	-0.88235295	-0.3333333	630	400	0	-28
1203774	587	573	36	384	26	250	146	3	127	106	0	0	0	0	0	0	0	0	0	0	0	0	0	0	0	0	0.0	0.0	-0.99215686	-0.34117645	630	400	0	-33
1203808	661	365	36	384	26	250	146	3	127	106	0	0	0	0	0	0	0	0	0	0	0	0	0	0	0	0	0.0	0.0	-0.99215686	-0.3960784	630	400	0	-30
1203841	630	360	36	384	26	250	146	3	127	106	0	0	0	0	0	0	0	0	0	0	0	0	0	0	0	0	0.0	0.0	-0.99215686	-0.42745095	630	400	0	-29
1203874	639	323	36	384	26	250	146	3	127	106	0	0	0	0	0	0	0	0	0	0	0	0	0	0	0	0	0.0	0.0	-0.99215686	-0.5294118	630	400	0	-24
1203907	665	781	36	384	26	250	146	3	127	106	0	0	0	0	0	0	0	0	0	0	0	0	0	0	0	0	0.20784318	0.0	-0.99215686	-0.6627451	630	400	10	-17
1203940	591	249	36	384	26	250	146	3	127	106	0	0	0	0	0	0	0	0	0	0	0	0	0	0	0	0	0.41176474	0.0	-0.99215686	-0.69411767	630	400	20	-15
1203974	624	382	36	384	26	250	146	3	127	106	0	0	0	0	0	0	0	0	0	0	0	0	0	0	0	0	0.79607844	0.0	-0.8039216	-0.75686276	630	400	39	-3
1204009	630	675	36	384	26	250	146	3	127	106	0	0	0	0	0	0	0	0	0	0	0	0	0	0	0	0	1.0	0.0	-0.41176468	-0.7254902	630	400	50	15
1204040	603	960	36	384	26	250	146	3	127	106	0	0	0	0	0	0	0	0	0	0	0	0	0	0	0	0	1.0	0.0	0.0	0.0	630	400	50	0
1204074	647	231	36	384	26	250	146	3	127	106	0	0	0	0	0	0	0	0	0	0	0	0	0	0	0	0	1.0	-0.17647058	0.0	0.0	630	400	58	0
1204107	651	134	36	384	26	250	146	3	127	106	0	0	0	0	0	0	0	0	0	0	0	0	0	0	0	0	1.0	-0.27843136	0.0	0.0	630	400	63	0
1204140	605	253	36	384	26	250	146	3	127	106	0	0	0	0	0	0	0	0	0	0	0	0	0	0	0	0	1.0	-0.3960784	0.23921573	0.20000005	630	400	69	1
1204173	602	763	36	384	26	250	146	3	127	106	0	0	0	0	0	0	0	0	0	0	0	0	0	0	0	0	0.5921569	-0.44313723	0.24705887	0.2313726	630	400	51	0
1204207	644	-12	36	384	26	250	146	3	127	106	0	0	0	0	0	0	0	0	0	0	0	0	0	0	0	0	0.28627455	-0.29411763	0.0	0.0	630	400	29	0
1204306	599	438	173	488	204	174	146	3	127	106	0	0	0	0	0	0	1	0	0	0	0	0	0	0	0	0	0.0	0.0	0.0	0.0	630	400	0	0
1204340	1003	429	39	342	226	241	250	150	8	106	0	0	0	0	0	0	1	0	0	0	0	0	0	0	0	0	0.0	0.0	0.0	0.0	630	400	0	0
1204506	238	939	39	342	226	241	153	229	178	106	0	0	0	0	0	0	0	0	0	0	0	0	0	0	0	0	0.2313726	0.0	0.0	-0.2235294	630	400	11	11
1204539	310	520	39	342	226	241	153	229	178	106	0	0	0	0	0	0	0	0	0	0	0	0	0	0	0	0	0.5137255	0.0	-0.27843136	-0.4352941	630	400	25	7
1204575	969	762	39	342	226	241	153	229	178	106	0	0	0	0	0	0	0	0	0	0	0	0	0	0	0	0	0.8509804	0.0	-0.45098037	-0.6313726	630	400	42	9
1204606	169	-76	39	342	226	241	153	229	178	106	0	0	0	0	0	0	0	0	0	0	0	0	0	0	0	0	1.0	0.0	-0.5372549	-0.7019608	630	400	50	8
1204639	761	529	39	342	226	241	153	229	178	106	0	0	0	0	0	0	0	0	0	0	0	0	0	0	0	0	1.0	0.0	-0.5921569	-0.73333335	630	400	50	7
1204672	1161	475	39	342	226	241	153	229	178	106	0	0	0	0	0	0	0	0	0	0	0	0	0	0	0	0	1.0	0.0	-0.654902	-0.7490196	630	400	50	4
1204706	465	463	39	342	226	241	153	229	178	106	0	0	0	0	0	0	0	0	0	0	0	0	0	0	0	0	1.0	0.0	-0.67058825	-0.75686276	630	400	50	4
1204739	549	507	39	342	226	241	153	229	178	106	0	0	0	0	0	0	0	0	0	0	0	0	0	0	0	0	1.0	0.0	-0.67058825	-0.75686276	630	400	50	4
1204772	497	252	39	342	226	241	153	229	178	106	0	0	0	0	0	0	0	0	0	0	0	0	0	0	0	0	0.7647059	-0.20784312	-0.38823527	-0.6862745	630	400	48	14
1204805	1098	310	39	342	226	241	153	229	178	106	0	0	0	0	0	0	0	0	0	0	0	0	0	0	0	0	0.15294123	-0.17647058	0.0	-0.19215685	630	400	16	9
1204940	750	466	39	342	226	241	153	229	178	106	0	0	0	0	0	0	0	0	0	0	0	0	0	0	0	0	0.0	-0.15294117	0.27843142	0.0	630	400	7	13
1204972	534	290	39	342	226	241	153	229	178	106	0	0	0	0	0	0	0	0	0	0	0	0	0	0	0	0	-0.25490195	-0.20784312	0.36470592	0.0	630	400	-3	18
1205007	603	351	39	342	226	241	153	229	178	106	0	0	0	0	0	0	0	0	0	0	0	0	0	0	0	0	-0.5294118	-0.29411763	0.4431373	0.0	630	400	-12	22
1205040	868	295	39	342	226	241	153	229	178	106	0	0	0	0	0	0	0	0	0	0	0	0	0	0	0	0	-0.78039217	-0.36470586	0.5294118	0.0	630	400	-21	26
1205071	718	355	39	342	226	241	153	229	178	106	0	0	0	0	0	0	0	0	0	0	0	0	0	0	0	0	-0.8745098	-0.3960784	0.5764706	-0.19215685	630	400	-24	38
1205105	774	111	39	342	226	241	153	229	178	106	0	0	0	0	0	0	0	0	0	0	0	0	0	0	0	0	-0.8901961	-0.41960782	0.58431375	-0.3490196	630	400	-24	46
1205138	7	613	39	342	226	241	153	229	178	106	0	0	0	0	0	0	0	0	0	0	0	0	0	0	0	0	-0.8666667	-0.45098037	0.43529415	-0.54509807	630	400	-21	49
1205171	398	834	39	342	226	241	153	229	178	106	0	0	0	0	0	0	0	0	0	0	0	0	0	0	0	0	-0.7176471	-0.4823529	0.24705887	-0.60784316	630	400	-12	42
1205205	754	-40	39	342	226	241	153	229	178	106	0	0	0	0	0	0	0	0	0	0	0	0	0	0	0	0	-0.64705884	-0.44313723	0.19215691	-0.67058825	630	400	-11	43
1205240	228	430	39	342	226	241	153	229	178	106	0	0	0	0	0	0	0	0	0	0	0	0	0	0	0	0	-0.6156863	-0.38039213	0.0	-0.8117647	630	400	-12	40
1205271	573	257	39	342	226	241	153	229	178	106	0	0	0	0	0	0	0	0	0	0	0	0	0	0	0	0	-0.6156863	-0.21568626	0.0	-0.9137255	630	400	-21	45
1205308	266	559	39	342	226	241	153	229	178	106	0	0	0	0	0	0	0	0	0	0	0	0	0	0	0	0	-0.69411767	0.0	0.0	-0.92941177	630	400	-35	46
1205341	210	223	39	342	226	241	153	229	178	106	0	0	0	0	0	0	0	0	0	0	0	0	0	0	0	0	-0.79607844	0.0	-0.19215685	-0.92941177	630	400	-40	36
1205372	440	439	39	342	226	241	153	229	178	106	0	0	0	0	0	0	0	0	0	0	0	0	0	0	0	0	-0.7176471	0.0	-0.29411763	-0.9372549	630	400	-36	32
1205405	812	367	39	342	226	241	153	229	178	106	0	0	0	0	0	0	0	0	0	0	0	0	0	0	0	0	-0.5372549	0.19215691	-0.38823527	-0.9607843	630	400	-37	28
1205438	726	492	39	342	226	241	153	229	178	106	0	0	0	0	0	0	0	0	0	0	0	0	0	0	0	0	-0.3098039	0.19215691	-0.4588235	-0.99215686	630	400	-26	26
1205474	1013	348	39	342	226	241	153	229	178	106	0	0	0	0	0	0	0	0	0	0	0	0	0	0	0	0	0.0	0.0	-0.58431375	-1.0	630	400	0	20
1205505	367	134	39	342	226	241	153	229	178	106	0	0	0	0	0	0	0	0	0	0	0	0	0	0	0	0	0.0	0.0	-0.7254902	-1.0	630	400	0	13
1205538	904	61	39	342	226	241	153	229	178	106	0	0	0	0	0	0	0	0	0	0	0	0	0	0	0	0	0.27058828	0.0	-0.9137255	-1.0	630	400	13	4
1205572	401	313	39	342	226	241	153	229	178	106	0	0	0	0	0	0	0	0	0	0	0	0	0	0	0	0	0.52156866	0.0	-0.99215686	-1.0	630	400	26	0
1205605	940	292	39	342	226	241	153	229	178	106	0	0	0	0	0	0	0	0	0	0	0	0	0	0	0	0	0.7882353	0.0	-0.99215686	-1.0	630	400	39	0
1205639	593	246	39	342	226	241	153	229	178	106	0	0	0	0	0	0	0	0	0	0	0	0	0	0	0	0	1.0	0.0	-0.99215686	-0.9137255	630	400	50	-4
1205671	601	510	39	342	226	241	153	229	178	106	0	0	0	0	0	0	0	0	0	0	0	0	0	0	0	0	1.0	-0.18431371	-0.99215686	-0.7176471	630	400	59	-14
1205707	390	467	39	342	226	241	153	229	178	106	0	0	0	0	0	0	0	0	0	0	0	0	0	0	0	0	1.0	-0.21568626	-0.6392157	-0.6156863	630	400	60	-2
1205741	304	530	39	342	226	241	153	229	178	106	0	0	0	0	0	0	0	0	0	0	0	0	0	0	0	0	1.0	-0.26274508	-0.30196077	-0.372549	630	400	63	3
1205773	1088	336	39	342	226	241	153	229	178	106	0	0	0	0	0	0	0	0	0	0	0	0	0	0	0	0	0.7490196	-0.41960782	0.0	0.0	630	400	58	0
1205806	519	68	39	342	226	241	153	229	178	106	0	0	0	0	0	0	0	0	0	0	0	0	0	0	0	0	0.35686278	-0.3960784	0.0	0.0	630	400	37	0
1206040	926	604	39	342	226	241	153	229	178	106	0	0	0	0	0	0	0	0	0	0	0	0	0	0	0	0	0.17647064	0.0	0.0	0.0	630	400	8	0
1206072	671	354	39	342	226	241	153	229	178	106	0	0	0	0	0	0	0	0	0	0	0	0	0	0	0	0	0.4039216	-0.23921567	0.0	0.0	630	400	32	0
1206106	534	234	39	342	226	241	153	229	178	106	0	0	0	0	0	0	0	0	0	0	0	0	0	0	0	0	0.56078434	-0.3333333	0.0	0.0	630	400	44	0
1206139	535	305	39	342	226	241	153	229	178	106	0	0	0	0	0	0	0	0	0	0	0	0	0	0	0	0	0.7176471	-0.38823527	0.0	0.0	630	400	55	0
1206172	397	377	39	342	226	241	153	229	178	106	0	0	0	0	0	0	0	0	0	0	0	0	0	0	0	0	0.90588236	-0.4352941	0.0	0.0	630	400	67	0
1206204	1102	643	39	342	226	241	153	229	178	106	0	0	0	0	0	0	0	0	0	0	0	0	0	0	0	0	0.9764706	-0.45098037	-0.1607843	-0.15294117	630	400	71	-1
1206241	246	151	39	342	226	241	153	229	178	106	0	0	0	0	0	0	0	0	0	0	0	0	0	0	0	0	0.9764706	-0.46666664	-0.21568626	-0.26274508	630	400	72	2
1206272	640	462	39	342	226	241	153	229	178	106	0	0	0	0	0	0	0	0	0	0	0	0	0	0	0	0	0.8352941	-0.41176468	-0.27843136	-0.4352941	630	400	62	7
1206305	646	483	39	342	226	241	153	229	178	106	0	0	0	0	0	0	0	0	0	0	0	0	0	0	0	0	0.45098042	-0.27058822	-0.30196077	-0.5137255	630	400	36	10
1206339	796	476	39	342	226	241	153	229	178	106	0	0	0	0	0	0	0	0	0	0	0	0	0	0	0	0	0.0	0.0	-0.23137254	-0.60784316	630	400	0	18
1206372	848	219	39	342	226	241	153	229	178	106	0	0	0	0	0	0	0	0	0	0	0	0	0	0	0	0	0.0	0.0	0.0	-0.6627451	630	400	0	33
1206404	767	559	39	342	226	241	153	229	178	106	0	0	0	0	0	0	0	0	0	0	0	0	0	0	0	0	0.0	0.0	0.0	-0.6862745	630	400	0	34
1206439	525	168	39	342	226	241	153	229	178	106	0	0	0	0	0	0	0	0	0	0	0	0	0	0	0	0	0.0	0.0	0.0	-0.6862745	630	400	0	34
1206472	348	47	39	342	226	241	153	229	178	106	0	0	0	0	0	0	0	0	0	0	0	0	0	0	0	0	0.0	0.0	0.24705887	-0.64705884	630	400	0	44
1206506	587	137	39	342	226	241	153	229	178	106	0	0	0	0	0	0	0	0	0	0	0	0	0	0	0	0	0.0	0.0	0.3411765	-0.6313726	630	400	0	48
1206538	820	350	39	342	226	241	153	229	178	106	0	0	0	0	0	0	0	0	0	0	0	0	0	0	0	0	0.0	0.0	0.41960788	-0.5294118	630	400	0	47
1206576	869	256	39	342	226	241	153	229	178	106	0	0	0	0	0	0	0	0	0	0	0	0	0	0	0	0	-0.17647058	0.0	0.4901961	-0.41960782	630	400	-9	45
1206609	676	668	39	342	226	241	153	229	178	106	0	0	0	0	0	0	0	0	0	0	0	0	0	0	0	0	-0.35686272	0.0	0.6	-0.26274508	630	400	-18	43
1206638	464	337	39	342	226	241	153	229	178	106	0	0	0	0	0	0	0	0	0	0	0	0	0	0	0	0	-0.4588235	0.0	0.654902	-0.19215685	630	400	-23	42
1206671	405	-26	39	342	226	241	153	229	178	106	0	0	0	0	0	0	0	0	0	0	0	0	0	0	0	0	-0.46666664	0.0	0.6627451	-0.1607843	630	400	-24	41
1206706	432	312	39	342	226	241	153	229	178	106	0	0	0	0	0	0	0	0	0	0	0	0	0	0	0	0	-0.4823529	0.0	0.5372549	0.0	630	400	-25	26
1206741	641	317	39	342	226	241	153	229	178	106	0	0	0	0	0	0	0	0	0	0	0	0	0	0	0	0	-0.41960782	0.0	0.19215691	0.0	630	400	-21	9
1206771	649	120	39	342	226	241	153	229	178	106	0	0	0	0	0	0	0	0	0	0	0	0	0	0	0	0	-0.21568626	0.0	0.0	0.0	630	400	-11	0
1206871	496	370	272	16	191	192	153	229	178	106	0	0	0	0	0	0	1	0	0	0	0	0	0	0	0	0	0.0	0.0	0.0	0.0	630	400	0	0
1206905	1001	-158	377	243	272	358	207	84	245	106	0	0	0	0	0	0	1	0	0	0	0	0	0	0	0	0	0.0	0.0	0.0	0.0	630	400	0	0
1206942	446	-309	125	99	262	218	19	56	197	106	0	0	0	0	0	0	1	0	0	0	0	0	0	0	0	0	0.0	0.0	0.0	0.0	630	400	0	0
1207041	703	615	125	99	262	218	79	154	241	106	0	0	0	0	0	0	0	0	0	0	0	0	0	0	0	0	0.0	0.0	0.0	-0.15294117	630	400	0	7
1207076	546	332	125	99	262	218	79	154	241	106	0	0	0	0	0	0	0	0	0	0	0	0	0	0	0	0	0.41176474	0.24705887	-0.31764704	-0.38039213	630	400	8	3
1207109	642	405	125	99	262	218	79	154	241	106	0	0	0	0	0	0	0	0	0	0	0	0	0	0	0	0	0.60784316	0.34901965	-0.45098037	-0.4823529	630	400	12	1
1207142	483	29	125	99	262	218	79	154	241	106	0	0	0	0	0	0	0	0	0	0	0	0	0	0	0	0	0.85882354	0.39607847	-0.58431375	-0.5529412	630	400	23	-2
1207175	268	292	125	99	262	218	79	154	241	106	0	0	0	0	0	0	0	0	0	0	0	0	0	0	0	0	0.99215686	0.39607847	-0.67058825	-0.5686275	630	400	29	-6
1207208	615	256	125	99	262	218	79	154	241	106	0	0	0	0	0	0	0	0	0	0	0	0	0	0	0	0	1.0	0.37254906	-0.6784314	-0.5686275	630	400	31	-6
1207242	438	-118	125	99	262	218	79	154	241	106	0	0	0	0	0	0	0	0	0	0	0	0	0	0	0	0	1.0	0.0	-0.6784314	-0.54509807	630	400	50	-7
1207275	1108	465	125	99	262	218	79	154	241	106	0	0	0	0	0	0	0	0	0	0	0	0	0	0	0	0	0.654902	-0.15294117	-0.52156866	-0.41960782	630	400	40	-6
1207308	972	134	125	99	262	218	79	154	241	106	0	0	0	0	0	0	0	0	0	0	0	0	0	0	0	0	0.33333337	-0.21568626	-0.25490195	-0.19215685	630	400	27	-4
1207340	1031	412	125	99	262	218	79	154	241	106	0	0	0	0	0	0	0	0	0	0	0	0	0	0	0	0	0.0	-0.21568626	0.0	0.0	630	400	10	0
1207375	522	62	125	99	262	218	79	154	241	106	0	0	0	0	0	0	0	0	0	0	0	0	0	0	0	0	0.0	-0.15294117	0.0	0.0	630	400	7	0
1207707	735	443	125	99	262	218	79	154	241	106	0	0	0	0	0	0	0	0	0	0	0	0	0	0	0	0	0.2313726	-0.3333333	0.0	0.0	630	400	28	0
1207741	337	198	125	99	262	218	79	154	241	106	0	0	0	0	0	0	0	0	0	0	0	0	0	0	0	0	0.38823533	-0.52156866	0.0	0.15294123	630	400	45	-8
1207774	359	340	125	99	262	218	79	154	241	106	0	0	0	0	0	0	0	0	0	0	0	0	0	0	0	0	0.4901961	-0.5686275	-0.25490195	0.27843142	630	400	52	-27
1207807	335	430	125	99	262	218	79	154	241	106	0	0	0	0	0	0	0	0	0	0	0	0	0	0	0	0	0.49803925	-0.5686275	-0.36470586	0.3176471	630	400	53	-35
1207840	597	522	125	99	262	218	79	154	241	106	0	0	0	0	0	0	0	0	0	0	0	0	0	0	0	0	0.5137255	-0.5686275	-0.5058824	0.2941177	630	400	54	-41
1207875	94	389	125	99	262	218	79	154	241	106	0	0	0	0	0	0	0	0	0	0	0	0	0	0	0	0	0.56078434	-0.5686275	-0.7490196	0.2941177	630	400	56	-53
1207906	610	782	125	99	262	218	79	154	241	106	0	0	0	0	0	0	0	0	0	0	0	0	0	0	0	0	0.7254902	-0.6156863	-0.96862745	0.2941177	630	400	67	-64
1207938	641	818	125	99	262	218	79	154	241	106	0	0	0	0	0	0	0	0	0	0	0	0	0	0	0	0	0.827451	-0.67058825	-0.99215686	0.2313726	630	400	74	-62
1207973	858	303	125	99	262	218	79	154	241	106	0	0	0	0	0	0	0	0	0	0	0	0	0	0	0	0	0.8980392	-0.7411765	-0.99215686	0.0	630	400	81	-50
1208006	-18	889	125	99	262	218	79	154	241	106	0	0	0	0	0	0	0	0	0	0	0	0	0	0	0	0	0.90588236	-0.75686276	-0.99215686	0.0	630	400	83	-50
1208039	701	643	125	99	262	218	79	154	241	106	0	0	0	0	0	0	0	0	0	0	0	0	0	0	0	0	0.79607844	-0.75686276	-0.9372549	0.0	630	400	77	-47
1208073	186	536	125	99	262	218	79	154	241	106	0	0	0	0	0	0	0	0	0	0	0	0	0	0	0	0	0.4901961	-0.58431375	-0.41176468	0.0	630	400	53	-21
1208505	603	78	125	99	262	218	79	154	241	106	0	0	0	0	0	0	0	0	0	0	0	0	0	0	0	0	0.17647064	0.0	0.0	0.0	630	400	8	0
1208539	375	416	125	99	262	218	79	154	241	106	0	0	0	0	0	0	0	0	0	0	0	0	0	0	0	0	0.30980396	-0.29411763	0.0	0.0	630	400	30	0
1208571	478	260	125	99	262	218	79	154	241	106	0	0	0	0	0	0	0	0	0	0	0	0	0	0	0	0	0.4431373	-0.41176468	0.0	0.0	630	400	42	0
1208609	499	87	125	99	262	218	79	154	241	106	0	0	0	0	0	0	0	0	0	0	0	0	0	0	0	0	0.49803925	-0.46666664	0.0	0.0	630	400	48	0
1208638	337	473	125	99	262	218	79	154	241	106	0	0	0	0	0	0	0	0	0	0	0	0	0	0	0	0	0.49803925	-0.46666664	0.0	0.0	630	400	48	0
1208672	528	559	125	99	262	218	79	154	241	106	0	0	0	0	0	0	0	0	0	0	0	0	0	0	0	0	0.38823533	-0.46666664	0.0	0.0	630	400	42	0
1208705	334	281	125	99	262	218	79	154	241	106	0	0	0	0	0	0	0	0	0	0	0	0	0	0	0	0	0.18431377	-0.38823527	0.0	0.0	630	400	28	0
1208739	416	298	125	99	262	218	79	154	241	106	0	0	0	0	0	0	0	0	0	0	0	0	0	0	0	0	0.0	-0.26274508	0.0	0.0	630	400	13	0
1208772	351	203	125	99	262	218	79	154	241	106	0	0	0	0	0	0	0	0	0	0	0	0	0	0	0	0	0.0	-0.29411763	0.0	0.0	630	400	14	0
1208804	525	541	125	99	262	218	79	154	241	106	0	0	0	0	0	0	0	0	0	0	0	0	0	0	0	0	0.0	-0.36470586	0.0	0.0	630	400	18	0
1208837	435	501	125	99	262	218	79	154	241	106	0	0	0	0	0	0	0	0	0	0	0	0	0	0	0	0	0.20784318	-0.6784314	0.0	0.0	630	400	44	0
1208876	601	117	125	99	262	218	79	154	241	106	0	0	0	0	0	0	0	0	0	0	0	0	0	0	0	0	0.35686278	-0.81960785	-0.27843136	0.0	630	400	58	-14
1208904	436	80	125	99	262	218	79	154	241	106	0	0	0	0	0	0	0	0	0	0	0	0	0	0	0	0	0.4039216	-0.81960785	-0.38823527	0.15294123	630	400	61	-28
1208939	838	274	125	99	262	218	79	154	241	106	0	0	0	0	0	0	0	0	0	0	0	0	0	0	0	0	0.41176474	-0.78039217	-0.54509807	0.15294123	630	400	59	-35
1208973	905	206	125	99	262	218	79	154	241	106	0	0	0	0	0	0	0	0	0	0	0	0	0	0	0	0	0.2941177	-0.41960782	-0.5686275	0.0	630	400	35	-29
1209004	268	502	125	99	262	218	79	154	241	106	0	0	0	0	0	0	0	0	0	0	0	0	0	0	0	0	0.0	0.0	-0.36470586	0.0	630	400	0	-19
1209241	697	216	393	57	0	376	79	154	241	106	0	0	0	0	0	0	1	0	0	0	0	0	0	0	0	0	0.0	0.0	0.0	0.0	630	400	0	0
1209275	630	52	161	405	320	91	116	77	72	106	0	0	0	0	0	0	1	0	0	0	0	0	0	0	0	0	0.0	0.0	0.0	0.0	630	400	0	0
1209309	569	324	47	372	259	25	170	176	105	106	0	0	0	0	0	0	1	0	0	0	0	0	0	0	0	0	0.0	0.0	0.0	0.0	630	400	0	0
1209339	770	404	46	421	186	385	237	220	77	106	0	0	0	0	0	0	1	0	0	0	0	0	0	0	0	0	0.0	0.0	0.0	0.0	630	400	0	0
1210004	654	-314	46	421	186	385	10	165	50	106	0	0	0	0	0	0	0	0	0	0	0	0	0	0	0	0	0.18431377	0.0	0.0	0.0	630	400	9	0
1210042	845	189	46	421	186	385	10	165	50	106	0	0	0	0	0	0	0	0	0	0	0	0	0	0	0	0	0.427451	-0.2235294	0.0	0.0	630	400	32	0
1210075	708	793	46	421	186	385	10	165	50	106	0	0	0	0	0	0	0	0	0	0	0	0	0	0	0	0	0.69411767	-0.3960784	0.0	0.0	630	400	54	0
1210108	417	574	46	421	186	385	10	165	50	106	0	0	0	0	0	0	0	0	0	0	0	0	0	0	0	0	1.0	-0.6784314	0.0	0.0	630	400	83	0
1210143	635	125	46	421	186	385	10	165	50	106	0	0	0	0	0	0	0	0	0	0	0	0	0	0	0	0	1.0	-0.88235295	0.0	0.0	630	400	94	0
1210176	689	514	46	421	186	385	10	165	50	106	0	0	0	0	0	0	0	0	0	0	0	0	0	0	0	0	1.0	-1.0	0.0	0.0	630	400	100	0
1210209	1009	507	46	421	186	385	10	165	50	106	0	0	0	0	0	0	0	0	0	0	0	0	0	0	0	0	1.0	-1.0	0.0	0.0	630	400	100	0
1210243	750	539	46	421	186	385	10	165	50	106	0	0	0	0	0	0	0	0	0	0	0	0	0	0	0	0	0.5686275	-1.0	0.0	0.0	630	400	78	0
1210276	877	394	46	421	186	385	10	165	50	106	0	0	0	0	0	0	0	0	0	0	0	0	0	0	0	0	0.20000005	-1.0	0.0	0.0	630	400	60	0
1210309	463	1092	46	421	186	385	10	165	50	106	0	0	0	0	0	0	0	0	0	0	0	0	0	0	0	0	0.0	-1.0	0.0	0.0	630	400	50	0
1210338	579	699	46	421	186	385	10	165	50	106	0	0	0	0	0	0	0	0	0	0	0	0	0	0	0	0	-0.15294117	-1.0	0.0	0.0	630	400	42	0
1210375	545	1064	46	421	186	385	10	165	50	106	0	0	0	0	0	0	0	0	0	0	0	0	0	0	0	0	-0.23921567	-1.0	0.0	0.0	630	400	38	0
1210408	879	-162	46	421	186	385	10	165	50	106	0	0	0	0	0	0	0	0	0	0	0	0	0	0	0	0	-0.26274508	-1.0	0.0	0.0	630	400	36	0
1210438	989	652	46	421	186	385	10	165	50	106	0	0	0	0	0	0	0	0	0	0	0	0	0	0	0	0	-0.3490196	-1.0	0.0	0.0	630	400	32	0
1210475	507	573	46	421	186	385	10	165	50	106	0	0	0	0	0	0	0	0	0	0	0	0	0	0	0	0	-0.41960782	-1.0	0.0	0.0	630	400	29	0
1210509	597	12	46	421	186	385	10	165	50	106	0	0	0	0	0	0	0	0	0	0	0	0	0	0	0	0	-0.5294118	-1.0	0.0	0.0	630	400	23	0
1210542	786	684	46	421	186	385	10	165	50	106	0	0	0	0	0	0	0	0	0	0	0	0	0	0	0	0	-0.5764706	-1.0	0.0	0.0	630	400	21	0
1210575	544	533	46	421	186	385	10	165	50	106	0	0	0	0	0	0	0	0	0	0	0	0	0	0	0	0	-0.5764706	-1.0	0.0	0.0	630	400	21	0
1210608	230	648	46	421	186	385	10	165	50	106	0	0	0	0	0	0	0	0	0	0	0	0	0	0	0	0	-0.5529412	-1.0	0.0	0.0	630	400	22	0
1210641	403	456	46	421	186	385	10	165	50	106	0	0	0	0	0	0	0	0	0	0	0	0	0	0	0	0	0.0	-0.79607844	0.0	0.0	630	400	39	0
1210675	665	401	46	421	186	385	10	165	50	106	0	0	0	0	0	0	0	0	0	0	0	0	0	0	0	0	0.3176471	-0.4352941	0.0	0.0	630	400	37	0
1210708	680	-140	46	421	186	385	10	165	50	106	0	0	0	0	0	0	0	0	0	0	0	0	0	0	0	0	0.7254902	-0.35686272	0.0	0.0	630	400	54	0
1210741	712	490	46	421	186	385	10	165	50	106	0	0	0	0	0	0	0	0	0	0	0	0	0	0	0	0	1.0	-0.3490196	0.0	0.0	630	400	67	0
1210774	805	319	46	421	186	385	10	165	50	106	0	0	0	0	0	0	0	0	0	0	0	0	0	0	0	0	1.0	-0.3490196	0.0	0.0	630	400	67	0
1210807	904	783	46	421	186	385	10	165	50	106	0	0	0	0	0	0	0	0	0	0	0	0	0	0	0	0	1.0	-0.3490196	0.0	0.0	630	400	67	0
1210840	806	199	46	421	186	385	10	165	50	106	0	0	0	0	0	0	0	0	0	0	0	0	0	0	0	0	1.0	-0.3490196	0.0	0.0	630	400	67	0
1210874	413	578	46	421	186	385	10	165	50	106	0	0	0	0	0	0	0	0	0	0	0	0	0	0	0	0	1.0	-0.32549018	0.0	0.0	630	400	66	0
1210907	729	-57	46	421	186	385	10	165	50	106	0	0	0	0	0	0	0	0	0	0	0	0	0	0	0	0	1.0	-0.26274508	0.0	0.0	630	400	63	0
1210940	659	569	46	421	186	385	10	165	50	106	0	0	0	0	0	0	0	0	0	0	0	0	0	0	0	0	1.0	0.0	0.0	0.0	630	400	50	0
1210974	686	-266	46	421	186	385	10	165	50	106	0	0	0	0	0	0	0	0	0	0	0	0	0	0	0	0	1.0	0.0	0.0	0.0	630	400	50	0
1211006	342	982	46	421	186	385	10	165	50	106	0	0	0	0	0	0	0	0	0	0	0	0	0	0	0	0	1.0	0.16078436	0.0	0.0	630	400	41	0
1211040	548	1407	46	421	186	385	10	165	50	106	0	0	0	0	0	0	0	0	0	0	0	0	0	0	0	0	0.64705884	0.34901965	0.0	0.0	630	400	14	0
1211074	562	489	46	421	186	385	10	165	50	106	0	0	0	0	0	0	0	0	0	0	0	0	0	0	0	0	0.38823533	0.38823533	0.0	0.0	630	400	0	0
1211106	750	363	46	421	186	385	10	165	50	106	0	0	0	0	0	0	0	0	0	0	0	0	0	0	0	0	0.17647064	0.38823533	0.0	0.0	630	400	-11	0
1211140	824	-166	46	421	186	385	10	165	50	106	0	0	0	0	0	0	0	0	0	0	0	0	0	0	0	0	0.0	0.2313726	0.0	0.0	630	400	-12	0
1211372	370	430	46	421	186	385	10	165	50	106	0	0	0	0	0	0	0	0	0	0	0	0	0	0	0	0	0.15294123	-0.15294117	0.0	0.0	630	400	15	0
1211407	405	95	46	421	186	385	10	165	50	106	0	0	0	0	0	0	0	0	0	0	0	0	0	0	0	0	0.2313726	-0.20784312	0.0	0.0	630	400	21	0
1211439	671	-273	46	421	186	385	10	165	50	106	0	0	0	0	0	0	0	0	0	0	0	0	0	0	0	0	0.3411765	-0.35686272	0.0	0.0	630	400	34	0
1211472	723	980	46	421	186	385	10	165	50	106	0	0	0	0	0	0	0	0	0	0	0	0	0	0	0	0	0.5372549	-0.73333335	0.0	0.0	630	400	63	0
1211506	342	623	46	421	186	385	10	165	50	106	0	0	0	0	0	0	0	0	0	0	0	0	0	0	0	0	0.8117647	-1.0	0.0	0.0	630	400	90	0
1211539	971	780	46	421	186	385	10	165	50	106	0	0	0	0	0	0	0	0	0	0	0	0	0	0	0	0	1.0	-1.0	0.0	0.0	630	400	100	0
1211572	576	959	46	421	186	385	10	165	50	106	0	0	0	0	0	0	0	0	0	0	0	0	0	0	0	0	1.0	-1.0	0.0	0.0	630	400	100	0
1211607	397	863	46	421	186	385	10	165	50	106	0	0	0	0	0	0	0	0	0	0	0	0	0	0	0	0	1.0	-1.0	0.0	0.0	630	400	100	0
1211639	880	969	46	421	186	385	10	165	50	106	0	0	0	0	0	0	0	0	0	0	0	0	0	0	0	0	1.0	-0.8117647	0.0	0.0	630	400	90	0
1211672	857	252	46	421	186	385	10	165	50	106	0	0	0	0	0	0	0	0	0	0	0	0	0	0	0	0	1.0	-0.5058824	0.0	0.0	630	400	75	0
1211705	535	110	46	421	186	385	10	165	50	106	0	0	0	0	0	0	0	0	0	0	0	0	0	0	0	0	1.0	0.0	0.0	0.0	630	400	50	0
1211738	525	135	46	421	186	385	10	165	50	106	0	0	0	0	0	0	0	0	0	0	0	0	0	0	0	0	1.0	0.0	0.0	0.0	630	400	50	0
1211772	680	5	46	421	186	385	10	165	50	106	0	0	0	0	0	0	0	0	0	0	0	0	0	0	0	0	1.0	0.0	0.0	0.0	630	400	50	0
1211805	606	678	46	421	186	385	10	165	50	106	0	0	0	0	0	0	0	0	0	0	0	0	0	0	0	0	1.0	0.24705887	0.0	0.0	630	400	37	0
1211838	481	1040	46	421	186	385	10	165	50	106	0	0	0	0	0	0	0	0	0	0	0	0	0	0	0	0	1.0	0.30980396	0.0	0.0	630	400	34	0
1211874	788	761	46	421	186	385	10	165	50	106	0	0	0	0	0	0	0	0	0	0	0	0	0	0	0	0	1.0	0.32549024	0.0	0.0	630	400	33	0
1211905	999	51	46	421	186	385	10	165	50	106	0	0	0	0	0	0	0	0	0	0	0	0	0	0	0	0	1.0	0.33333337	0.0	0.0	630	400	33	0
1211938	769	734	46	421	186	385	10	165	50	106	0	0	0	0	0	0	0	0	0	0	0	0	0	0	0	0	1.0	0.33333337	0.0	0.0	630	400	33	0
1211972	578	499	46	421	186	385	10	165	50	106	0	0	0	0	0	0	0	0	0	0	0	0	0	0	0	0	1.0	0.33333337	0.0	0.0	630	400	33	0
1212005	379	500	46	421	186	385	10	165	50	106	0	0	0	0	0	0	0	0	0	0	0	0	0	0	0	0	1.0	0.33333337	0.0	0.0	630	400	33	0
1212041	654	-208	46	421	186	385	10	165	50	106	0	0	0	0	0	0	0	0	0	0	0	0	0	0	0	0	1.0	0.28627455	0.0	0.0	630	400	35	0
1212071	628	864	46	421	186	385	10	165	50	106	0	0	0	0	0	0	0	0	0	0	0	0	0	0	0	0	1.0	0.0	0.0	0.0	630	400	50	0
1212104	572	-29	46	421	186	385	10	165	50	106	0	0	0	0	0	0	0	0	0	0	0	0	0	0	0	0	1.0	0.0	0.0	0.0	630	400	50	0
1212141	806	115	46	421	186	385	10	165	50	106	0	0	0	0	0	0	0	0	0	0	0	0	0	0	0	0	1.0	-0.1607843	0.0	0.0	630	400	58	0
1212176	884	1001	46	421	186	385	10	165	50	106	0	0	0	0	0	0	0	0	0	0	0	0	0	0	0	0	1.0	-0.1607843	0.0	0.0	630	400	58	0
1212204	386	-451	46	421	186	385	10	165	50	106	0	0	0	0	0	0	0	0	0	0	0	0	0	0	0	0	1.0	-0.1607843	0.0	0.0	630	400	58	0
1212243	765	868	46	421	186	385	10	165	50	106	0	0	0	0	0	0	0	0	0	0	0	0	0	0	0	0	1.0	-0.24705881	0.0	0.0	630	400	62	0
1212272	610	531	46	421	186	385	10	165	50	106	0	0	0	0	0	0	0	0	0	0	0	0	0	0	0	0	1.0	-0.26274508	0.0	0.0	630	400	63	0
1212304	397	375	46	421	186	385	10	165	50	106	0	0	0	0	0	0	0	0	0	0	0	0	0	0	0	0	1.0	-0.26274508	0.0	0.0	630	400	63	0
1212339	618	288	46	421	186	385	10	165	50	106	0	0	0	0	0	0	0	0	0	0	0	0	0	0	0	0	1.0	-0.26274508	0.0	0.0	630	400	63	0
1212372	878	1256	46	421	186	385	10	165	50	106	0	0	0	0	0	0	0	0	0	0	0	0	0	0	0	0	1.0	-0.26274508	0.0	0.0	630	400	63	0
1212405	306	527	46	421	186	385	10	165	50	106	0	0	0	0	0	0	0	0	0	0	0	0	0	0	0	0	1.0	-0.41176468	0.0	0.0	630	400	70	0
1212438	597	581	46	421	186	385	10	165	50	106	0	0	0	0	0	0	0	0	0	0	0	0	0	0	0	0	1.0	-0.79607844	0.0	0.0	630	400	89	0
1212476	306	79	46	421	186	385	10	165	50	106	0	0	0	0	0	0	0	0	0	0	0	0	0	0	0	0	1.0	-1.0	0.0	0.0	630	400	100	0
1212506	880	-316	46	421	186	385	10	165	50	106	0	0	0	0	0	0	0	0	0	0	0	0	0	0	0	0	1.0	-1.0	0.0	0.0	630	400	100	0
1212541	478	58	46	421	186	385	10	165	50	106	0	0	0	0	0	0	0	0	0	0	0	0	0	0	0	0	1.0	-1.0	0.0	0.0	630	400	100	0
1212571	291	1189	46	421	186	385	10	165	50	106	0	0	0	0	0	0	0	0	0	0	0	0	0	0	0	0	1.0	-1.0	0.0	0.0	630	400	100	0
1212610	991	15	46	421	186	385	10	165	50	106	0	0	0	0	0	0	0	0	0	0	0	0	0	0	0	0	1.0	-1.0	0.0	0.0	630	400	100	0
1212639	382	474	46	421	186	385	10	165	50	106	0	0	0	0	0	0	0	0	0	0	0	0	0	0	0	0	1.0	-1.0	0.0	0.0	630	400	100	0
1212671	697	919	46	421	186	385	10	165	50	106	0	0	0	0	0	0	0	0	0	0	0	0	0	0	0	0	1.0	-1.0	0.0	0.0	630	400	100	0
1212704	611	934	46	421	186	385	10	165	50	106	0	0	0	0	0	0	0	0	0	0	0	0	0	0	0	0	1.0	-1.0	0.0	0.0	630	400	100	0
1212741	688	368	46	421	186	385	10	165	50	106	0	0	0	0	0	0	0	0	0	0	0	0	0	0	0	0	1.0	-1.0	0.0	0.0	630	400	100	0
1212775	871	115	46	421	186	385	10	165	50	106	0	0	0	0	0	0	0	0	0	0	0	0	0	0	0	0	1.0	-1.0	0.0	0.0	630	400	100	0
1212805	734	688	46	421	186	385	10	165	50	106	0	0	0	0	0	0	0	0	0	0	0	0	0	0	0	0	1.0	-0.81960785	0.0	0.0	630	400	90	0
1212843	1135	574	46	421	186	385	10	165	50	106	0	0	0	0	0	0	0	0	0	0	0	0	0	0	0	0	0.7647059	-0.41176468	0.0	0.0	630	400	58	0
1213304	757	285	46	421	186	385	10	165	50	106	0	0	0	0	0	1	0	0	0	0	0	0	0	0	0	0	0.0	0.0	0.0	0.0	630	400	0	0
1213338	362	151	46	421	186	385	10	165	50	106	0	0	0	0	0	1	0	0	0	0	0	0	0	0	0	0	0.0	0.0	0.0	0.0	630	400	0	0
1213372	596	490	46	421	186	385	10	165	50	106	0	0	0	0	0	1	0	0	0	0	0	0	0	0	0	0	0.0	0.0	0.0	0.0	630	400	0	0
1213407	493	-249	46	421	186	385	10	165	50	106	0	0	0	0	0	1	0	0	0	0	0	0	0	0	0	0	0.0	0.0	0.0	0.0	630	400	0	0
1213441	447	49	40	421	186	385	10	165	50	106	0	0	0	0	0	1	0	0	0	0	0	0	0	0	0	0	0.20000005	0.0	0.0	0.0	630	400	10	0
1213475	924	467	22	428	186	385	10	165	50	106	0	0	0	0	0	1	0	0	0	0	0	0	0	0	0	0	0.58431375	-0.23921567	0.0	0.0	630	400	41	0
1213504	559	44	-8	438	186	385	10	165	50	106	0	0	0	0	0	1	0	0	0	0	0	0	0	0	0	0	1.0	-0.3333333	0.0	0.0	630	400	66	0
1213538	539	751	-29	448	186	385	10	165	50	106	0	0	0	0	0	1	0	0	0	0	0	0	0	0	0	0	1.0	-0.3490196	0.0	0.0	630	400	67	0
1213573	414	668	-29	458	186	385	10	165	50	106	0	0	0	0	0	1	0	0	0	0	0	0	0	0	0	0	1.0	-0.3490196	0.0	0.0	630	400	67	0
1213605	809	502	-29	468	186	385	10	165	50	106	0	0	0	0	0	1	0	0	0	0	0	0	0	0	0	0	1.0	-0.3490196	0.0	0.0	630	400	67	0
1213638	396	223	-29	478	186	385	10	165	50	106	0	0	0	0	0	1	0	0	0	0	0	0	0	0	0	0	1.0	-0.3490196	0.0	0.0	630	400	67	0
1213671	483	403	-29	488	186	385	10	165	50	106	0	0	0	0	0	1	0	0	0	0	0	0	0	0	0	0	1.0	-0.3490196	0.0	0.0	630	400	67	0
1213708	727	335	-29	498	186	385	10	165	50	106	0	0	0	0	0	1	0	0	0	0	0	0	0	0	0	0	1.0	-0.3490196	0.0	0.0	630	400	67	0
1213738	431	676	-29	508	186	385	10	165	50	106	0	0	0	0	0	1	0	0	0	0	0	0	0	0	0	0	1.0	-0.3490196	0.0	0.0	630	400	67	0
1213772	637	835	-29	517	186	385	10	165	50	106	0	0	0	0	0	1	0	0	0	0	0	0	0	0	0	0	1.0	-0.32549018	0.0	0.0	630	400	66	0
1213810	660	438	-10	522	186	385	10	165	50	106	0	0	0	0	0	1	0	0	0	0	0	0	0	0	0	0	0.38823533	-0.18431371	0.0	0.0	630	400	28	0
1213838	430	-256	10	522	186	385	10	165	50	106	0	0	0	0	0	1	0	0	0	0	0	0	0	0	0	0	-0.30196077	0.0	0.0	0.0	630	400	-16	0
1213875	464	42	40	522	186	385	10	165	50	106	0	0	0	0	0	1	0	0	0	0	0	0	0	0	0	0	-1.0	0.0	0.0	0.0	630	400	-50	0
1213908	556	770	70	517	186	385	10	165	50	106	0	0	0	0	0	1	0	0	0	0	0	0	0	0	0	0	-1.0	0.16078436	0.0	0.0	630	400	-59	0
1213942	656	733	100	506	186	385	10	165	50	106	0	0	0	0	0	1	0	0	0	0	0	0	0	0	0	0	-1.0	0.35686278	0.0	0.0	630	400	-68	0
1213976	689	-17	130	491	186	385	10	165	50	106	0	0	0	0	0	1	0	0	0	0	0	0	0	0	0	0	-1.0	0.4901961	0.0	0.0	630	400	-75	0
1214010	710	718	160	473	186	385	10	165	50	106	0	0	0	0	0	1	0	0	0	0	0	0	0	0	0	0	-1.0	0.58431375	0.0	0.0	630	400	-80	0
1214043	951	542	190	452	186	385	10	165	50	106	0	0	0	0	0	1	0	0	0	0	0	0	0	0	0	0	-1.0	0.6784314	0.0	0.0	630	400	-84	0
1214076	778	381	220	431	186	385	10	165	50	106	0	0	0	0	0	1	0	0	0	0	0	0	0	0	0	0	-1.0	0.6862745	0.0	0.0	630	400	-85	0
1214109	666	613	250	410	186	385	10	165	50	106	0	0	0	0	0	1	0	0	0	0	0	0	0	0	0	0	-1.0	0.6862745	0.0	0.0	630	400	-85	0
1214143	409	148	280	389	186	385	10	165	50	106	0	0	0	0	0	1	0	0	0	0	0	0	0	0	0	0	-1.0	0.6862745	0.0	0.0	630	400	-85	0
1214176	611	-38	310	368	186	385	10	165	50	106	0	0	0	0	0	1	0	0	0	0	0	0	0	0	0	0	-1.0	0.6862745	0.0	0.0	630	400	-85	0
1214209	577	973	340	346	186	385	10	165	50	106	0	0	0	0	0	1	0	0	0	0	0	0	0	0	0	0	-1.0	0.7019608	0.0	0.0	630	400	-86	0
1214242	626	850	370	322	186	385	10	165	50	106	0	0	0	0	0	1	0	0	0	0	0	0	0	0	0	0	-1.0	0.78039217	0.0	0.0	630	400	-90	0
1214276	790	327	400	297	186	385	10	165	50	106	0	0	0	0	0	1	0	0	0	0	0	0	0	0	0	0	-1.0	0.8039216	0.0	0.0	630	400	-91	0
1214308	213	981	430	272	186	385	10	165	50	106	0	0	0	0	0	1	0	0	0	0	0	0	0	0	0	0	-1.0	0.8039216	0.0	0.0	630	400	-91	0
1214342	439	760	460	245	186	385	10	165	50	106	0	0	0	0	0	1	0	0	0	0	0	0	0	0	0	0	-1.0	0.8745098	0.0	0.0	630	400	-94	0
1214376	733	456	490	215	186	385	10	165	50	106	0	0	0	0	0	1	0	0	0	0	0	0	0	0	0	0	-1.0	1.0	0.0	0.0	630	400	-100	0
1214408	435	503	520	185	186	385	10	165	50	106	0	0	0	0	0	1	0	0	0	0	0	0	0	0	0	0	-1.0	1.0	0.0	0.0	630	400	-100	0
1214442	590	777	546	155	186	385	10	165	50	106	0	0	0	0	0	1	0	0	0	0	0	0	0	0	0	0	-0.8980392	1.0	0.0	0.0	630	400	-95	0
1214475	726	266	556	125	186	385	10	165	50	106	0	0	0	0	0	1	0	0	0	0	0	0	0	0	0	0	-0.3490196	1.0	0.0	0.0	630	400	-68	0
1214508	754	599	556	95	186	385	10	165	50	106	0	0	0	0	0	1	0	0	0	0	0	0	0	0	0	0	0.0	1.0	0.0	0.0	630	400	-50	0
1214541	459	385	548	65	186	385	10	165	50	106	0	0	0	0	0	1	0	0	0	0	0	0	0	0	0	0	0.24705887	1.0	0.0	0.0	630	400	-38	0
1214574	698	776	536	35	186	385	10	165	50	106	0	0	0	0	0	1	0	0	0	0	0	0	0	0	0	0	0.3803922	1.0	0.0	0.0	630	400	-31	0
1214608	522	479	519	5	186	385	10	165	50	106	0	0	0	0	0	1	0	0	0	0	0	0	0	0	0	0	0.5372549	1.0	0.0	0.0	630	400	-24	0
1214641	614	565	498	-25	186	385	10	165	50	106	0	0	0	0	0	1	0	0	0	0	0	0	0	0	0	0	0.69411767	1.0	0.0	0.0	630	400	-16	0
1214675	811	378	476	-29	186	385	10	165	50	106	0	0	0	0	0	1	0	0	0	0	0	0	0	0	0	0	0.7254902	1.0	0.0	0.0	630	400	-14	0
1214709	768	446	454	-29	186	385	10	165	50	106	0	0	0	0	0	1	0	0	0	0	0	0	0	0	0	0	0.7254902	1.0	0.0	0.0	630	400	-14	0
1214740	881	-98	432	-23	186	385	10	165	50	106	0	0	0	0	0	1	0	0	0	0	0	0	0	0	0	0	0.7254902	0.8117647	0.0	0.0	630	400	-5	0
1214774	704	137	421	-7	186	385	10	165	50	106	0	0	0	0	0	1	0	0	0	0	0	0	0	0	0	0	0.3411765	0.2941177	0.0	0.0	630	400	2	0
1214807	364	914	421	1	186	385	10	165	50	106	0	0	0	0	0	1	0	0	0	0	0	0	0	0	0	0	0.0	0.0	0.0	0.0	630	400	0	0
1214840	782	688	421	1	186	385	10	165	50	106	0	0	0	0	0	1	0	0	0	0	0	0	0	0	0	0	0.0	0.0	0.0	0.0	630	400	0	0
1214874	575	190	431	-4	186	385	10	165	50	106	0	0	0	0	0	1	0	0	0	0	0	0	0	0	0	0	-0.3490196	0.19215691	0.0	0.0	630	400	-28	0
1214907	182	314	447	-9	186	385	10	165	50	106	0	0	0	0	0	1	0	0	0	0	0	0	0	0	0	0	-0.5529412	0.34901965	0.0	0.0	630	400	-46	0
1214941	774	329	467	-17	186	385	10	165	50	106	0	0	0	0	0	1	0	0	0	0	0	0	0	0	0	0	-0.6862745	0.6156863	0.0	0.0	630	400	-66	0
1214974	623	331	492	-21	186	385	10	165	50	106	0	0	0	0	0	1	0	0	0	0	0	0	0	0	0	0	-0.8509804	0.7647059	0.0	0.0	630	400	-81	0
1215007	1013	467	522	-24	186	385	10	165	50	106	0	0	0	0	0	1	0	0	0	0	0	0	0	0	0	0	-1.0	0.84313726	0.0	0.0	630	400	-93	0
1215040	582	150	552	-24	186	385	10	165	50	106	0	0	0	0	0	1	0	0	0	0	0	0	0	0	0	0	-1.0	0.84313726	0.0	0.0	630	400	-93	0
1215074	457	90	582	-24	186	385	10	165	50	106	0	0	0	0	0	1	0	0	0	0	0	0	0	0	0	0	-1.0	0.84313726	0.0	0.0	630	400	-93	0
1215107	487	614	612	-21	186	385	10	165	50	106	0	0	0	0	0	1	0	0	0	0	0	0	0	0	0	0	-1.0	0.7411765	0.0	0.0	630	400	-88	0
1215139	507	13	638	-17	186	385	10	165	50	106	0	0	0	0	0	1	0	0	0	0	0	0	0	0	0	0	-0.8745098	0.6156863	0.0	0.0	630	400	-75	0
1215172	621	46	649	-9	186	385	10	165	50	106	0	0	0	0	0	1	0	0	0	0	0	0	0	0	0	0	-0.38823527	0.33333337	0.0	0.0	630	400	-37	0
1215205	688	685	649	1	186	385	10	165	50	106	0	0	0	0	0	1	0	0	0	0	0	0	0	0	0	0	0.0	0.0	0.0	0.0	630	400	0	0
1215238	773	144	649	1	186	385	10	165	50	106	0	0	0	0	0	1	0	0	0	0	0	0	0	0	0	0	0.0	0.0	0.0	0.0	630	400	0	0
1215273	624	664	649	1	186	385	10	165	50	106	0	0	0	0	0	1	0	0	0	0	0	0	0	0	0	0	0.0	0.0	0.0	0.0	630	400	0	0
1215309	499	-48	649	1	186	385	10	165	50	106	0	0	0	0	0	1	0	0	0	0	0	0	0	0	0	0	0.0	0.0	0.0	0.0	630	400	0	0
1215342	496	428	649	1	186	385	10	165	50	106	0	0	0	0	0	1	0	0	0	0	0	0	0	0	0	0	0.0	0.0	0.0	0.0	630	400	0	0
1215371	678	770	649	1	186	385	10	165	50	106	0	0	0	0	0	1	0	0	0	0	0	0	0	0	0	0	0.0	0.0	0.0	0.0	630	400	0	0
1215405	841	776	649	1	186	385	10	165	50	106	0	0	0	0	0	1	0	0	0	0	0	0	0	0	0	0	0.0	0.0	0.0	0.0	630	400	0	0
1215441	544	139	649	1	186	385	10	165	50	106	0	0	0	0	0	1	0	0	0	0	0	0	0	0	0	0	0.0	0.0	0.0	0.0	630	400	0	0
1215475	700	311	649	1	186	385	10	165	50	106	0	0	0	0	0	1	0	0	0	0	0	0	0	0	0	0	0.0	0.0	0.0	0.0	630	400	0	0
1215505	604	-174	649	1	186	385	10	165	50	106	0	0	0	0	0	1	0	0	0	0	0	0	0	0	0	0	0.0	0.0	0.0	0.0	630	400	0	0
1215542	577	118	649	1	186	385	10	165	50	106	0	0	0	0	0	1	0	0	0	0	0	0	0	0	0	0	0.0	0.0	0.0	0.0	630	400	0	0
1215571	939	598	649	1	186	385	10	165	50	106	0	0	0	0	0	1	0	0	0	0	0	0	0	0	0	0	0.0	0.0	0.0	0.0	630	400	0	0
1216107	740	167	649	-4	186	385	10	165	50	106	0	0	0	0	0	1	0	0	0	0	0	0	0	0	0	0	0.0	0.1686275	0.0	0.0	630	400	-9	0
1216141	624	231	649	-13	186	385	10	165	50	106	0	0	0	0	0	1	0	0	0	0	0	0	0	0	0	0	0.0	0.4901961	0.0	0.0	630	400	-25	0
1216172	1082	982	654	-20	186	385	10	165	50	106	0	0	0	0	0	1	0	0	0	0	0	0	0	0	0	0	-0.17647058	0.70980394	0.0	0.0	630	400	-45	0
1216208	638	445	664	-27	186	385	10	165	50	106	0	0	0	0	0	1	0	0	0	0	0	0	0	0	0	0	-0.3333333	0.9529412	0.0	0.0	630	400	-65	0
1216243	539	662	686	-29	186	385	10	165	50	106	0	0	0	0	0	1	0	0	0	0	0	0	0	0	0	0	-0.7411765	1.0	0.0	0.0	630	400	-88	0
1216274	706	396	716	-29	186	385	10	165	50	106	0	0	0	0	0	1	0	0	0	0	0	0	0	0	0	0	-1.0	1.0	0.0	0.0	630	400	-100	0
1216308	674	465	746	-29	186	385	10	165	50	106	0	0	0	0	0	1	0	0	0	0	0	0	0	0	0	0	-1.0	1.0	0.0	0.0	630	400	-100	0
1216341	180	276	776	-29	186	385	10	165	50	106	0	0	0	0	0	1	0	0	0	0	0	0	0	0	0	0	-1.0	1.0	0.0	0.0	630	400	-100	0
1216376	439	500	806	-29	186	385	10	165	50	106	0	0	0	0	0	1	0	0	0	0	0	0	0	0	0	0	-1.0	1.0	0.0	0.0	630	400	-100	0
1216409	806	-40	830	-29	186	385	10	165	50	106	0	0	0	0	0	1	0	0	0	0	0	0	0	0	0	0	-1.0	1.0	0.0	0.0	630	400	-100	0
1216439	696	149	824	-25	186	385	10	165	50	106	0	0	0	0	0	1	0	0	0	0	0	0	0	0	0	0	-0.827451	0.8666667	0.0	0.0	630	400	-85	0
1216476	840	960	813	-13	186	385	10	165	50	106	0	0	0	0	0	1	0	0	0	0	0	0	0	0	0	0	-0.44313723	0.47450984	0.0	0.0	630	400	-46	0
1216507	620	-349	800	1	186	385	10	165	50	106	0	0	0	0	0	1	0	0	0	0	0	0	0	0	0	0	0.0	0.0	0.0	0.0	630	400	0	0
1217508	666	132	221	136	255	110	10	165	50	106	0	0	0	0	0	0	1	0	0	0	0	0	0	0	0	0	0.0	0.0	0.0	0.0	630	400	0	0
1217541	688	313	236	294	245	342	160	56	105	106	0	0	0	0	0	0	1	0	0	0	0	0	0	0	0	0	0.0	0.0	0.0	0.0	630	400	0	0
1217574	1035	-83	268	460	38	47	131	173	46	106	0	0	0	0	0	0	1	0	0	0	0	0	0	0	0	0	0.0	0.0	0.0	0.0	630	400	0	0
1217608	704	461	79	311	247	236	200	127	157	106	0	0	0	0	0	0	1	0	0	0	0	0	0	0	0	0	0.0	0.0	0.0	0.0	630	400	0	0
1217807	889	655	79	311	247	236	203	117	100	106	0	0	0	0	0	0	0	0	0	0	0	0	0	0	0	0	0.16078436	0.0	0.0	0.0	630	400	8	0
1217841	337	540	79	311	247	236	203	117	100	106	0	0	0	0	0	0	0	0	0	0	0	0	0	0	0	0	0.3176471	-0.3098039	0.0	0.0	630	400	31	0
1217874	312	0	79	311	247	236	203	117	100	106	0	0	0	0	0	0	0	0	0	0	0	0	0	0	0	0	0.33333337	-0.38039213	0.0	0.0	630	400	35	0
1217907	653	584	79	311	247	236	203	117	100	106	0	0	0	0	0	0	0	0	0	0	0	0	0	0	0	0	0.33333337	-0.38823527	0.0	0.0	630	400	36	0
1217943	732	224	79	311	247	236	203	117	100	106	0	0	0	0	0	0	0	0	0	0	0	0	0	0	0	0	0.36470592	-0.38823527	0.0	0.0	630	400	37	0
1217974	538	436	79	311	247	236	203	117	100	106	0	0	0	0	0	0	0	0	0	0	0	0	0	0	0	0	0.4431373	-0.45098037	0.0	0.0	630	400	44	0
1218008	301	134	79	311	247	236	203	117	100	106	0	0	0	0	0	0	0	0	0	0	0	0	0	0	0	0	0.5137255	-0.6156863	0.0	0.0	630	400	56	0
1218041	956	19	79	311	247	236	203	117	100	106	0	0	0	0	0	0	0	0	0	0	0	0	0	0	0	0	0.5921569	-0.79607844	0.0	0.0	630	400	69	0
1218074	969	414	79	311	247	236	203	117	100	106	0	0	0	0	0	0	0	0	0	0	0	0	0	0	0	0	0.7254902	-1.0	0.0	0.0	630	400	86	0
1218107	933	320	79	311	247	236	203	117	100	106	0	0	0	0	0	0	0	0	0	0	0	0	0	0	0	0	0.7882353	-1.0	0.0	0.0	630	400	89	0
1218140	931	67	79	311	247	236	203	117	100	106	0	0	0	0	0	0	0	0	0	0	0	0	0	0	0	0	0.827451	-1.0	0.0	0.0	630	400	91	0
1218174	194	392	79	311	247	236	203	117	100	106	0	0	0	0	0	0	0	0	0	0	0	0	0	0	0	0	0.88235295	-1.0	0.0	0.0	630	400	94	0
1218206	1006	362	79	311	247	236	203	117	100	106	0	0	0	0	0	0	0	0	0	0	0	0	0	0	0	0	0.99215686	-1.0	0.0	0.0	630	400	99	0
1218240	576	447	79	311	247	236	203	117	100	106	0	0	0	0	0	0	0	0	0	0	0	0	0	0	0	0	1.0	-1.0	0.0	0.0	630	400	100	0
1218273	383	390	79	311	247	236	203	117	100	106	0	0	0	0	0	0	0	0	0	0	0	0	0	0	0	0	1.0	-1.0	0.0	0.0	630	400	100	0
1218308	1092	193	79	311	247	236	203	117	100	106	0	0	0	0	0	0	0	0	0	0	0	0	0	0	0	0	1.0	-1.0	0.0	0.0	630	400	100	0
1218342	376	182	79	311	247	236	203	117	100	106	0	0	0	0	0	0	0	0	0	0	0	0	0	0	0	0	1.0	-0.9372549	0.0	0.0	630	400	96	0
1218372	397	214	79	311	247	236	203	117	100	106	0	0	0	0	0	0	0	0	0	0	0	0	0	0	0	0	1.0	-0.75686276	0.0	0.0	630	400	87	0
1218406	339	449	79	311	247	236	203	117	100	106	0	0	0	0	0	0	0	0	0	0	0	0	0	0	0	0	1.0	-0.36470586	0.0	0.0	630	400	68	0
1218439	719	513	79	311	247	236	203	117	100	106	0	0	0	0	0	0	0	0	0	0	0	0	0	0	0	0	1.0	0.0	0.0	0.0	630	400	50	0
1218475	161	242	79	311	247	236	203	117	100	106	0	0	0	0	0	0	0	0	0	0	0	0	0	0	0	0	1.0	0.0	0.0	0.0	630	400	50	0
1218508	732	529	79	311	247	236	203	117	100	106	0	0	0	0	0	0	0	0	0	0	0	0	0	0	0	0	1.0	0.0	0.0	0.0	630	400	50	0
1218540	634	112	79	311	247	236	203	117	100	106	0	0	0	0	0	0	0	0	0	0	0	0	0	0	0	0	1.0	0.2313726	0.0	0.0	630	400	38	0
1218575	832	443	79	311	247	236	203	117	100	106	0	0	0	0	0	0	0	0	0	0	0	0	0	0	0	0	1.0	0.35686278	0.0	0.0	630	400	32	0
1218609	660	701	79	311	247	236	203	117	100	106	0	0	0	0	0	0	0	0	0	0	0	0	0	0	0	0	1.0	0.41960788	0.0	0.0	630	400	29	0
1218638	652	480	79	311	247	236	203	117	100	106	0	0	0	0	0	0	0	0	0	0	0	0	0	0	0	0	1.0	0.41960788	0.0	0.0	630	400	29	0
1218672	522	289	79	311	247	236	203	117	100	106	0	0	0	0	0	0	0	0	0	0	0	0	0	0	0	0	1.0	0.41960788	0.0	0.0	630	400	29	0
1218706	275	457	79	311	247	236	203	117	100	106	0	0	0	0	0	0	0	0	0	0	0	0	0	0	0	0	1.0	0.41960788	0.0	0.0	630	400	29	0
1218739	932	79	79	311	247	236	203	117	100	106	0	0	0	0	0	0	0	0	0	0	0	0	0	0	0	0	1.0	0.41960788	0.0	0.0	630	400	29	0
1218771	439	416	79	311	247	236	203	117	100	106	0	0	0	0	0	0	0	0	0	0	0	0	0	0	0	0	1.0	0.26274514	0.0	0.0	630	400	36	0
1218805	877	345	79	311	247	236	203	117	100	106	0	0	0	0	0	0	0	0	0	0	0	0	0	0	0	0	0.8117647	-0.19215685	0.0	0.0	630	400	50	0
1218838	325	380	79	311	247	236	203	117	100	106	0	0	0	0	0	0	0	0	0	0	0	0	0	0	0	0	0.56078434	-0.6156863	0.0	0.0	630	400	58	0
1218872	323	0	79	311	247	236	203	117	100	106	0	0	0	0	0	0	0	0	0	0	0	0	0	0	0	0	0.4431373	-1.0	0.0	0.0	630	400	72	0
1218905	614	888	79	311	247	236	203	117	100	106	0	0	0	0	0	0	0	0	0	0	0	0	0	0	0	0	0.38823533	-1.0	0.0	0.0	630	400	69	0
1218940	725	244	79	311	247	236	203	117	100	106	0	0	0	0	0	0	0	0	0	0	0	0	0	0	0	0	0.20784318	-1.0	0.0	0.0	630	400	60	0
1218971	425	770	79	311	247	236	203	117	100	106	0	0	0	0	0	0	0	0	0	0	0	0	0	0	0	0	0.0	-1.0	0.0	0.0	630	400	50	0
1219004	456	247	79	311	247	236	203	117	100	106	0	0	0	0	0	0	0	0	0	0	0	0	0	0	0	0	0.0	-1.0	0.0	0.0	630	400	50	0
1219041	904	471	79	311	247	236	203	117	100	106	0	0	0	0	0	0	0	0	0	0	0	0	0	0	0	0	-0.3333333	-1.0	0.0	0.0	630	400	33	0
1219071	948	72	79	311	247	236	203	117	100	106	0	0	0	0	0	0	0	0	0	0	0	0	0	0	0	0	-0.3490196	-0.7882353	0.0	0.0	630	400	21	0
1219107	681	432	79	311	247	236	203	117	100	106	0	0	0	0	0	0	0	0	0	0	0	0	0	0	0	0	0.0	-0.3098039	0.0	0.0	630	400	15	0
1219209	853	417	267	402	275	63	203	117	100	106	0	0	0	0	0	0	1	0	0	0	0	0	0	0	0	0	0.0	0.0	0.0	0.0	630	400	0	0
1219243	461	338	414	488	74	259	77	129	77	106	0	0	0	0	0	0	1	0	0	0	0	0	0	0	0	0	0.0	0.0	0.0	0.0	630	400	0	0
1219276	675	260	116	483	269	187	186	24	166	106	0	0	0	0	0	0	1	0	0	0	0	0	0	0	0	0	0.0	0.0	0.0	0.0	630	400	0	0
1219406	949	292	116	483	269	187	4	90	29	106	0	0	0	0	0	0	0	0	0	0	0	0	0	0	0	0	0.3411765	0.0	0.0	0.0	630	400	17	0
1219442	457	365	116	483	269	187	4	90	29	106	0	0	0	0	0	0	0	0	0	0	0	0	0	0	0	0	0.58431375	0.0	0.0	0.0	630	400	29	0
1219474	423	210	116	483	269	187	4	90	29	106	0	0	0	0	0	0	0	0	0	0	0	0	0	0	0	0	0.8745098	0.16078436	0.0	0.0	630	400	35	0
1219506	512	326	116	483	269	187	4	90	29	106	0	0	0	0	0	0	0	0	0	0	0	0	0	0	0	0	1.0	0.18431377	0.0	0.0	630	400	40	0
1219538	471	558	116	483	269	187	4	90	29	106	0	0	0	0	0	0	0	0	0	0	0	0	0	0	0	0	1.0	0.18431377	0.0	0.0	630	400	40	0
1219577	399	293	116	483	269	187	4	90	29	106	0	0	0	0	0	0	0	0	0	0	0	0	0	0	0	0	1.0	0.18431377	0.0	0.0	630	400	40	0
1219605	151	744	116	483	269	187	4	90	29	106	0	0	0	0	0	0	0	0	0	0	0	0	0	0	0	0	1.0	0.0	0.0	0.0	630	400	50	0
1219638	620	684	116	483	269	187	4	90	29	106	0	0	0	0	0	0	0	0	0	0	0	0	0	0	0	0	1.0	-0.44313723	0.0	0.0	630	400	72	0
1219672	719	168	116	483	269	187	4	90	29	106	0	0	0	0	0	0	0	0	0	0	0	0	0	0	0	0	1.0	-1.0	0.0	0.0	630	400	100	0
1219705	1055	374	116	483	269	187	4	90	29	106	0	0	0	0	0	0	0	0	0	0	0	0	0	0	0	0	1.0	-1.0	0.0	0.0	630	400	100	0
1219741	392	259	116	483	269	187	4	90	29	106	0	0	0	0	0	0	0	0	0	0	0	0	0	0	0	0	0.7647059	-1.0	0.0	0.0	630	400	88	0
1219772	1133	175	116	483	269	187	4	90	29	106	0	0	0	0	0	0	0	0	0	0	0	0	0	0	0	0	0.49803925	-1.0	0.0	0.0	630	400	74	0
1219809	1287	351	116	483	269	187	4	90	29	106	0	0	0	0	0	0	0	0	0	0	0	0	0	0	0	0	0.35686278	-1.0	0.0	0.0	630	400	67	0
1219838	499	568	116	483	269	187	4	90	29	106	0	0	0	0	0	0	0	0	0	0	0	0	0	0	0	0	0.3176471	-1.0	0.0	0.0	630	400	65	0
1219877	476	437	116	483	269	187	4	90	29	106	0	0	0	0	0	0	0	0	0	0	0	0	0	0	0	0	0.3176471	-1.0	0.0	0.0	630	400	65	0
1219906	556	-165	116	483	269	187	4	90	29	106	0	0	0	0	0	0	0	0	0	0	0	0	0	0	0	0	0.27058828	-1.0	0.0	0.0	630	400	63	0
1219938	824	314	116	483	269	187	4	90	29	106	0	0	0	0	0	0	0	0	0	0	0	0	0	0	0	0	0.15294123	-1.0	0.0	0.0	630	400	57	0
