millis	xpos	ypos	sX	sY	dpX	dpY	red	green	blue	opacity	A1	A2	A3	A4	L1	R1	L2	R2	S1	S2	M1	M2	up	down	left	right	anlgX	anlgY	anlgU	anlgV	x_mean	y_mean	joy1_int	joy2_int
5233245	641	566	369	323	164	54	53	64	27	255	0	0	0	0	0	0	0	0	1	0	0	0	0	0	0	0	0.0	0.0	0.0	0.0	450	503	0	0
5234283	594	438	369	323	164	54	53	64	27	255	0	0	0	0	0	0	0	1	0	0	0	0	0	0	0	0	0.0	0.0	0.0	0.0	450	503	0	0
5234316	591	518	369	323	164	54	53	64	27	255	0	0	0	0	0	0	0	1	1	0	0	0	0	0	0	0	0.0	0.0	0.0	0.0	640	400	0	0
5234349	827	387	369	323	164	54	53	64	27	255	0	0	0	0	0	0	0	1	1	0	0	0	0	0	0	0	0.0	0.0	0.0	0.0	640	400	0	0
5234382	652	379	369	323	164	54	53	64	27	255	0	0	0	0	0	0	0	1	1	0	0	0	0	0	0	0	0.0	0.0	0.0	0.0	640	400	0	0
5234416	604	391	369	323	164	54	53	64	27	255	0	0	0	0	0	0	0	1	1	0	0	0	0	0	0	0	0.0	0.0	0.0	0.0	640	400	0	0
5234449	929	439	369	323	164	54	53	64	27	255	0	0	0	0	0	0	0	1	1	0	0	0	0	0	0	0	0.0	0.0	0.0	0.0	640	400	0	0
5235748	909	479	369	323	164	54	53	64	27	255	0	0	0	0	0	0	0	0	0	0	0	0	0	0	0	0	0.28627455	-0.23921567	0.0	0.0	640	400	26	0
5235779	522	391	369	323	164	54	53	64	27	255	0	0	0	0	0	0	0	0	0	0	0	0	0	0	0	0	0.52156866	-0.41176468	0.0	0.0	640	400	46	0
5235813	617	479	369	323	164	54	53	64	27	255	0	0	0	0	0	0	0	0	0	0	0	0	0	0	0	0	1.0	-0.81960785	0.0	0.0	640	400	90	0
5235846	806	376	369	323	164	54	53	64	27	255	0	0	0	0	0	0	0	0	0	0	0	0	0	0	0	0	1.0	-0.99215686	0.0	0.0	640	400	99	0
5235879	1022	331	369	323	164	54	53	64	27	255	0	0	0	0	0	0	0	0	0	0	0	0	0	0	0	0	1.0	-1.0	0.0	0.0	640	400	100	0
5235913	771	419	369	323	164	54	53	64	27	255	0	0	0	0	0	0	0	0	0	0	0	0	0	0	0	0	1.0	-1.0	0.0	0.0	640	400	100	0
5235945	602	463	369	323	164	54	53	64	27	255	0	0	0	0	0	0	0	0	0	0	0	0	0	0	0	0	1.0	-1.0	0.0	0.0	640	400	100	0
5235979	456	335	369	323	164	54	53	64	27	255	0	0	0	0	0	0	0	0	0	0	0	0	0	0	0	0	1.0	-1.0	0.0	0.0	640	400	100	0
5236012	546	307	369	323	164	54	53	64	27	255	0	0	0	0	0	0	0	0	0	0	0	0	0	0	0	0	1.0	-1.0	0.0	0.0	640	400	100	0
5236044	499	293	369	323	164	54	53	64	27	255	0	0	0	0	0	0	0	0	0	0	0	0	0	0	0	0	1.0	-1.0	0.0	0.0	640	400	100	0
5236079	766	389	369	323	164	54	53	64	27	255	0	0	0	0	0	0	0	0	0	0	0	0	0	0	0	0	1.0	-1.0	0.0	0.0	640	400	100	0
5236112	157	399	369	323	164	54	53	64	27	255	0	0	0	0	0	0	0	0	0	0	0	0	0	0	0	0	1.0	-1.0	0.0	0.0	640	400	100	0
5236146	540	357	369	323	164	54	53	64	27	255	0	0	0	0	0	0	0	0	0	0	0	0	0	0	0	0	1.0	-1.0	0.0	0.0	640	400	100	0
5236179	546	362	369	323	164	54	53	64	27	255	0	0	0	0	0	0	0	0	0	0	0	0	0	0	0	0	1.0	-1.0	0.0	0.0	640	400	100	0
5236212	398	385	369	323	164	54	53	64	27	255	0	0	0	0	0	0	0	0	0	0	0	0	0	0	0	0	1.0	-1.0	0.0	0.0	640	400	100	0
5236245	531	457	369	323	164	54	53	64	27	255	0	0	0	0	0	0	0	0	0	0	0	0	0	0	0	0	1.0	-1.0	0.0	0.0	640	400	100	0
5236278	708	283	369	323	164	54	53	64	27	255	0	0	0	0	0	0	0	0	0	0	0	0	0	0	0	0	1.0	-1.0	0.0	0.0	640	400	100	0
5236312	583	471	369	323	164	54	53	64	27	255	0	0	0	0	0	0	0	0	0	0	0	0	0	0	0	0	1.0	-1.0	0.0	0.0	640	400	100	0
5236345	779	485	369	323	164	54	53	64	27	255	0	0	0	0	0	0	0	0	0	0	0	0	0	0	0	0	1.0	-1.0	0.0	0.0	640	400	100	0
5236378	583	382	369	323	164	54	53	64	27	255	0	0	0	0	0	0	0	0	0	0	0	0	0	0	0	0	1.0	-1.0	0.0	0.0	640	400	100	0
5236412	663	461	369	323	164	54	53	64	27	255	0	0	0	0	0	0	0	0	0	0	0	0	0	0	0	0	1.0	-1.0	0.0	0.0	640	400	100	0
5236448	677	465	369	323	164	54	53	64	27	255	0	0	0	0	0	0	0	0	0	0	0	0	0	0	0	0	1.0	-1.0	0.0	0.0	640	400	100	0
5236478	948	298	369	323	164	54	53	64	27	255	0	0	0	0	0	0	0	0	0	0	0	0	0	0	0	0	1.0	-1.0	0.0	0.0	640	400	100	0
5236511	671	444	369	323	164	54	53	64	27	255	0	0	0	0	0	0	0	0	0	0	0	0	0	0	0	0	1.0	-1.0	0.0	0.0	640	400	100	0
5236544	899	385	369	323	164	54	53	64	27	255	0	0	0	0	0	0	0	0	0	0	0	0	0	0	0	0	1.0	-1.0	0.0	0.0	640	400	100	0
5236577	582	403	369	323	164	54	53	64	27	255	0	0	0	0	0	0	0	0	0	0	0	0	0	0	0	0	1.0	-1.0	0.0	0.0	640	400	100	0
5236611	606	407	369	323	164	54	53	64	27	255	0	0	0	0	0	0	0	0	0	0	0	0	0	0	0	0	1.0	-1.0	0.0	0.0	640	400	100	0
5236646	729	447	369	323	164	54	53	64	27	255	0	0	0	0	0	0	0	0	0	0	0	0	0	0	0	0	1.0	-1.0	0.0	0.0	640	400	100	0
5236678	836	435	369	323	164	54	53	64	27	255	0	0	0	0	0	0	0	0	0	0	0	0	0	0	0	0	1.0	-1.0	0.0	0.0	640	400	100	0
5236711	799	340	369	323	164	54	53	64	27	255	0	0	0	0	0	0	0	0	0	0	0	0	0	0	0	0	1.0	-1.0	0.0	0.0	640	400	100	0
5236744	944	399	369	323	164	54	53	64	27	255	0	0	0	0	0	0	0	0	0	0	0	0	0	0	0	0	1.0	-1.0	0.0	0.0	640	400	100	0
5236777	645	323	369	323	164	54	53	64	27	255	0	0	0	0	0	0	0	0	0	0	0	0	0	0	0	0	1.0	-1.0	0.0	0.0	640	400	100	0
5236811	583	388	369	323	164	54	53	64	27	255	0	0	0	0	0	0	0	0	0	0	0	0	0	0	0	0	1.0	-1.0	0.0	0.0	640	400	100	0
5236844	707	427	369	323	164	54	53	64	27	255	0	0	0	0	0	0	0	0	0	0	0	0	0	0	0	0	1.0	-1.0	0.0	0.0	640	400	100	0
5236877	585	423	369	323	164	54	53	64	27	255	0	0	0	0	0	0	0	0	0	0	0	0	0	0	0	0	1.0	-1.0	0.0	0.0	640	400	100	0
5236910	733	409	369	323	164	54	53	64	27	255	0	0	0	0	0	0	0	0	0	0	0	0	0	0	0	0	1.0	-1.0	0.0	0.0	640	400	100	0
5236944	844	373	369	323	164	54	53	64	27	255	0	0	0	0	0	0	0	0	0	0	0	0	0	0	0	0	1.0	-0.96862745	0.0	0.0	640	400	98	0
5237774	489	373	369	323	164	54	53	64	27	255	0	0	0	0	1	0	0	0	0	0	0	0	0	0	0	0	0.0	0.0	0.0	0.0	640	400	0	0
5237818	621	372	369	323	144	54	53	64	27	255	0	0	0	0	1	0	0	0	0	0	0	0	0	0	0	1	0.0	0.0	0.0	0.0	640	400	0	0
5237842	751	362	369	323	124	54	53	64	27	255	0	0	0	0	1	0	0	0	0	0	0	0	0	0	0	1	0.0	0.0	0.0	0.0	640	400	0	0
5237876	561	349	369	323	104	54	53	64	27	255	0	0	0	0	1	0	0	0	0	0	0	0	0	0	0	1	0.0	0.0	0.0	0.0	640	400	0	0
